Smoothed Frequency Response
Resolution = 1/3 octave
Numpoints = 720
SamplingRate = 48000 Hz
Minimum Phase
Frequency(Hz)   Magnitude(dB)    Phase(deg)
    3.104	 -13.2568	 -6.7002
    3.143	 -13.2763	 -6.7002
    3.182	 -13.2962	 -6.7002
    3.221	 -13.3164	 -6.7002
    3.261	 -13.3372	 -6.7002
    3.302	 -13.3588	 -6.7002
    3.343	 -13.3816	 -6.8373
    3.385	 -13.4068	 -7.1079
    3.427	 -13.4354	 -7.3735
    3.469	 -13.4678	 -7.6335
    3.513	 -13.5040	 -7.9265
    3.556	 -13.5495	 -8.0383
    3.601	 -13.5961	 -8.2754
    3.645	 -13.6438	 -8.5069
    3.691	 -13.6927	 -8.7325
    3.737	 -13.7427	 -8.9518
    3.783	 -13.7939	 -9.1645
    3.830	 -13.8463	 -9.3704
    3.878	 -13.8999	 -9.5691
    3.926	 -13.9548	 -9.7602
    3.975	 -14.0108	 -9.9434
    4.025	 -14.0682	 -10.1185
    4.075	 -14.1268	 -10.2849
    4.126	 -14.1866	 -10.4423
    4.177	 -14.2478	 -10.5903
    4.229	 -14.3103	 -10.7286
    4.282	 -14.3741	 -10.8566
    4.335	 -14.4393	 -10.9740
    4.389	 -14.5057	 -11.0804
    4.444	 -14.5736	 -11.1752
    4.499	 -14.6428	 -11.2581
    4.555	 -14.7134	 -11.3284
    4.612	 -14.7853	 -11.3858
    4.669	 -14.8587	 -11.4297
    4.727	 -14.9334	 -11.4596
    4.786	 -15.0096	 -11.4750
    4.845	 -15.0872	 -11.4752
    4.906	 -15.1661	 -11.4597
    4.967	 -15.2465	 -11.4280
    5.029	 -15.3283	 -11.3794
    5.091	 -15.4115	 -11.3132
    5.155	 -15.4961	 -11.2289
    5.219	 -15.5822	 -11.1257
    5.284	 -15.6697	 -11.0031
    5.350	 -15.7589	 -10.8602
    5.416	 -15.8499	 -10.6965
    5.484	 -15.9429	 -10.5111
    5.552	 -16.0381	 -10.3033
    5.621	 -16.1359	 -10.0724
    5.691	 -16.2364	 -9.8175
    5.762	 -16.3399	 -9.5379
    5.834	 -16.4466	 -9.2327
    5.906	 -16.5568	 -8.9010
    5.980	 -16.6707	 -8.5420
    6.054	 -16.7885	 -8.1547
    6.129	 -16.9105	 -7.7382
    6.206	 -17.0368	 -7.2915
    6.283	 -17.1678	 -6.8138
    6.361	 -17.3036	 -6.3038
    6.440	 -17.4443	 -5.7606
    6.521	 -17.5902	 -5.1832
    6.602	 -17.7412	 -4.5704
    6.684	 -17.8974	 -3.9210
    6.767	 -18.0587	 -3.2340
    6.851	 -18.2248	 -2.5081
    6.937	 -18.3955	 -1.7421
    7.023	 -18.5704	 -0.9346
    7.111	 -18.7491	 -0.0844
    7.199	 -18.9314	 0.8099
    7.289	 -19.1168	 1.7496
    7.379	 -19.3049	 2.7363
    7.471	 -19.4951	 3.7713
    7.564	 -19.6870	 4.8561
    7.658	 -19.8799	 5.9924
    7.754	 -20.0733	 7.1817
    7.850	 -20.2660	 8.4267
    7.948	 -20.4569	 9.7334
    8.047	 -20.6450	 11.1079
    8.147	 -20.8291	 12.5555
    8.249	 -21.0083	 14.0814
    8.351	 -21.1815	 15.6901
    8.455	 -21.3479	 17.3856
    8.560	 -21.5064	 19.1714
    8.667	 -21.6563	 21.0504
    8.775	 -21.7966	 23.0247
    8.884	 -21.9267	 25.0956
    8.995	 -22.0457	 27.2640
    9.107	 -22.1529	 29.5295
    9.220	 -22.2476	 31.8910
    9.335	 -22.3293	 34.3464
    9.451	 -22.3976	 36.8926
    9.569	 -22.4520	 39.5253
    9.688	 -22.4925	 42.2389
    9.808	 -22.5191	 45.0268
    9.931	 -22.5318	 47.8807
   10.054	 -22.5308	 50.7911
   10.179	 -22.5163	 53.7456
   10.306	 -22.4880	 56.7271
   10.434	 -22.4442	 59.7160
   10.564	 -22.3825	 62.6999
   10.696	 -22.3005	 65.6685
   10.829	 -22.1955	 68.6121
   10.964	 -22.0649	 71.5211
   11.100	 -21.9060	 74.3863
   11.238	 -21.7169	 77.1989
   11.378	 -21.4961	 79.9507
   11.520	 -21.2426	 82.6336
   11.663	 -20.9563	 85.2405
   11.809	 -20.6380	 87.7645
   11.956	 -20.2892	 90.1996
   12.104	 -19.9124	 92.5404
   12.255	 -19.5112	 94.7823
   12.408	 -19.0896	 96.9215
   12.562	 -18.6528	 98.9551
   12.718	 -18.2064	 100.8813
   12.877	 -17.7564	 102.6991
   13.037	 -17.3111	 104.4002
   13.199	 -16.8763	 105.9761
   13.364	 -16.4553	 107.4260
   13.530	 -16.0504	 108.7529
   13.698	 -15.6622	 109.9545
   13.869	 -15.2903	 111.0280
   14.042	 -14.9340	 111.9722
   14.216	 -14.5924	 112.7879
   14.393	 -14.2645	 113.4780
   14.573	 -13.9498	 114.0475
   14.754	 -13.6475	 114.5038
   14.938	 -13.3572	 114.8568
   15.124	 -13.0782	 115.1190
   15.312	 -12.8100	 115.3059
   15.503	 -12.5517	 115.4360
   15.696	 -12.3023	 115.5234
   15.891	 -12.0605	 115.5823
   16.089	 -11.8248	 115.6269
   16.289	 -11.5938	 115.6696
   16.492	 -11.3659	 115.7218
   16.697	 -11.1400	 115.7930
   16.905	 -10.9146	 115.9001
   17.115	 -10.6892	 116.0592
   17.328	 -10.4637	 116.2779
   17.544	 -10.2375	 116.5603
   17.763	 -10.0103	 116.9065
   17.984	 -9.7816	 117.3123
   18.208	 -9.5506	 117.7652
   18.434	 -9.3167	 118.2536
   18.664	 -9.0789	 118.7741
   18.896	 -8.8365	 119.3220
   19.131	 -8.5887	 119.8911
   19.369	 -8.3348	 120.4742
   19.611	 -8.0745	 121.0626
   19.855	 -7.8075	 121.6459
   20.102	 -7.5339	 122.2124
   20.352	 -7.2541	 122.7561
   20.605	 -6.9687	 123.2725
   20.862	 -6.6791	 123.7560
   21.122	 -6.3870	 124.2018
   21.385	 -6.0938	 124.6074
   21.651	 -5.8008	 124.9715
   21.920	 -5.5088	 125.2936
   22.193	 -5.2185	 125.5744
   22.470	 -4.9300	 125.8157
   22.749	 -4.6431	 126.0203
   23.032	 -4.3573	 126.1925
   23.319	 -4.0717	 126.3377
   23.609	 -3.7850	 126.4648
   23.903	 -3.4966	 126.5868
   24.201	 -3.2056	 126.7071
   24.502	 -2.9115	 126.8279
   24.807	 -2.6139	 126.9507
   25.116	 -2.3125	 127.0759
   25.429	 -2.0070	 127.2026
   25.745	 -1.6970	 127.3288
   26.066	 -1.3821	 127.4533
   26.390	 -1.0618	 127.5728
   26.719	 -0.7359	 127.6810
   27.051	 -0.4039	 127.7734
   27.388	 -0.0657	 127.8463
   27.729	 0.2789	 127.8947
   28.074	 0.6296	 127.9146
   28.424	 0.9864	 127.9031
   28.778	 1.3493	 127.8441
   29.136	 1.7183	 127.7324
   29.499	 2.0933	 127.5659
   29.866	 2.4743	 127.3438
   30.238	 2.8613	 127.0670
   30.614	 3.2540	 126.7391
   30.995	 3.6525	 126.3566
   31.381	 4.0566	 125.9217
   31.772	 4.4662	 125.4316
   32.167	 4.8810	 124.8825
   32.568	 5.3008	 124.2700
   32.973	 5.7255	 123.5901
   33.383	 6.1547	 122.8382
   33.799	 6.5881	 122.0000
   34.220	 7.0244	 121.0545
   34.646	 7.4625	 119.9976
   35.077	 7.9014	 118.8246
   35.514	 8.3396	 117.5312
   35.956	 8.7760	 116.1124
   36.403	 9.2092	 114.5656
   36.857	 9.6377	 112.8903
   37.315	 10.0596	 111.0965
   37.780	 10.4734	 109.1846
   38.250	 10.8773	 107.1525
   38.726	 11.2697	 104.9983
   39.209	 11.6484	 102.7176
   39.697	 12.0114	 100.3011
   40.191	 12.3570	 97.7450
   40.691	 12.6837	 95.0468
   41.198	 12.9901	 92.2156
   41.711	 13.2748	 89.2738
   42.230	 13.5369	 86.2360
   42.756	 13.7758	 83.1109
   43.288	 13.9911	 79.9073
   43.827	 14.1825	 76.6424
   44.372	 14.3501	 73.3351
   44.925	 14.4941	 69.9925
   45.484	 14.6145	 66.6247
   46.050	 14.7114	 63.2426
   46.623	 14.7849	 59.8582
   47.204	 14.8350	 56.5059
   47.791	 14.8617	 53.1950
   48.386	 14.8651	 49.9389
   48.989	 14.8461	 46.7513
   49.599	 14.8057	 43.6436
   50.216	 14.7451	 40.6260
   50.841	 14.6663	 37.7122
   51.474	 14.5708	 34.9211
   52.115	 14.4607	 32.2702
   52.764	 14.3377	 29.7662
   53.420	 14.2038	 27.4035
   54.085	 14.0611	 25.1634
   54.759	 13.9116	 23.0349
   55.440	 13.7568	 21.0132
   56.131	 13.5986	 19.0937
   56.829	 13.4390	 17.2731
   57.537	 13.2796	 15.5601
   58.253	 13.1224	 13.9566
   58.978	 12.9693	 12.4574
   59.712	 12.8223	 11.0544
   60.456	 12.6826	 9.7383
   61.208	 12.5516	 8.4771
   61.970	 12.4297	 7.2639
   62.742	 12.3166	 6.0945
   63.523	 12.2116	 4.9609
   64.314	 12.1137	 3.8566
   65.114	 12.0222	 2.7764
   65.925	 11.9360	 1.7142
   66.745	 11.8539	 0.6637
   67.576	 11.7754	 -0.3824
   68.418	 11.7002	 -1.4225
   69.269	 11.6284	 -2.4565
   70.132	 11.5593	 -3.4858
   71.005	 11.4920	 -4.5122
   71.889	 11.4254	 -5.5356
   72.784	 11.3597	 -6.5495
   73.690	 11.2956	 -7.5347
   74.607	 11.2338	 -8.4965
   75.536	 11.1742	 -9.4641
   76.476	 11.1169	 -10.4671
   77.428	 11.0617	 -11.4994
   78.392	 11.0083	 -12.5297
   79.368	 10.9564	 -13.5401
   80.356	 10.9058	 -14.5440
   81.356	 10.8559	 -15.5748
   82.369	 10.8065	 -16.6401
   83.394	 10.7576	 -17.7091
   84.433	 10.7093	 -18.7511
   85.484	 10.6615	 -19.7786
   86.548	 10.6148	 -20.8302
   87.625	 10.5693	 -21.9139
   88.716	 10.5243	 -23.0177
   89.820	 10.4801	 -24.1277
   90.939	 10.4366	 -25.2601
   92.071	 10.3933	 -26.4514
   93.217	 10.3490	 -27.6931
   94.377	 10.2994	 -28.9532
   95.552	 10.2417	 -30.2395
   96.742	 10.1767	 -31.5426
   97.946	 10.1056	 -32.8320
   99.165	 10.0293	 -34.0884
  100.400	 9.9489	 -35.3232
  101.650	 9.8644	 -36.5741
  102.915	 9.7758	 -37.8686
  104.196	 9.6833	 -39.1746
  105.493	 9.5870	 -40.4404
  106.806	 9.4861	 -41.6786
  108.136	 9.3796	 -42.9399
  109.482	 9.2667	 -44.2293
  110.845	 9.1472	 -45.5101
  112.225	 9.0202	 -46.7829
  113.622	 8.8860	 -48.0669
  115.037	 8.7450	 -49.3152
  116.469	 8.5974	 -50.5295
  117.919	 8.4467	 -51.7150
  119.386	 8.2943	 -52.8468
  120.873	 8.1402	 -53.9504
  122.377	 7.9863	 -55.0539
  123.901	 7.8307	 -56.1524
  125.443	 7.6689	 -57.2194
  127.005	 7.4999	 -58.2538
  128.586	 7.3252	 -59.2849
  130.187	 7.1445	 -60.3041
  131.807	 6.9578	 -61.3015
  133.448	 6.7670	 -62.2149
  135.109	 6.5716	 -63.0672
  136.791	 6.3718	 -63.9183
  138.494	 6.1677	 -64.7143
  140.218	 5.9602	 -65.4359
  141.964	 5.7517	 -66.1356
  143.731	 5.5408	 -66.8466
  145.520	 5.3276	 -67.5082
  147.332	 5.1139	 -68.0019
  149.166	 4.9015	 -68.5696
  151.023	 4.6894	 -69.1816
  152.903	 4.4704	 -69.7526
  154.806	 4.2498	 -70.2590
  156.734	 4.0291	 -70.6762
  158.685	 3.8090	 -70.9851
  160.660	 3.5915	 -71.1620
  162.660	 3.3776	 -71.3749
  164.685	 3.1666	 -71.6006
  166.735	 2.9564	 -71.8026
  168.811	 2.7506	 -71.9813
  170.912	 2.5482	 -72.0881
  173.040	 2.3482	 -72.0837
  175.194	 2.1498	 -72.1367
  177.375	 1.9506	 -72.1299
  179.583	 1.7542	 -72.0475
  181.819	 1.5659	 -71.9423
  184.082	 1.3812	 -71.9091
  186.374	 1.2076	 -71.8458
  188.694	 1.0467	 -71.8499
  191.043	 0.8916	 -72.0125
  193.421	 0.7425	 -72.1378
  195.829	 0.5992	 -72.2264
  198.267	 0.4627	 -72.2312
  200.735	 0.3256	 -72.1515
  203.234	 0.1942	 -72.1383
  205.764	 0.0649	 -72.2825
  208.325	 -0.0664	 -72.6121
  210.919	 -0.2010	 -72.9871
  213.544	 -0.3365	 -73.3610
  216.203	 -0.4777	 -73.7688
  218.894	 -0.6320	 -74.0634
  221.619	 -0.7958	 -74.2374
  224.378	 -0.9828	 -74.3758
  227.171	 -1.1904	 -74.1815
  229.999	 -1.4084	 -73.8341
  232.862	 -1.6354	 -73.5662
  235.761	 -1.8724	 -73.3762
  238.696	 -2.1108	 -73.2693
  241.668	 -2.3498	 -73.0461
  244.676	 -2.5852	 -72.6052
  247.722	 -2.8118	 -72.0623
  250.806	 -3.0285	 -71.3434
  253.928	 -3.2348	 -70.8440
  257.089	 -3.4465	 -70.3097
  260.290	 -3.6617	 -69.7926
  263.530	 -3.8784	 -69.1690
  266.810	 -4.0785	 -68.4591
  270.132	 -4.2526	 -67.6417
  273.495	 -4.3973	 -66.6708
  276.899	 -4.5085	 -65.4791
  280.346	 -4.5832	 -64.2396
  283.836	 -4.6323	 -63.2312
  287.370	 -4.6793	 -62.2856
  290.947	 -4.7199	 -61.3930
  294.569	 -4.7563	 -60.9250
  298.236	 -4.8078	 -60.7565
  301.949	 -4.8672	 -60.4773
  305.708	 -4.9228	 -60.1338
  309.513	 -4.9671	 -59.7669
  313.366	 -5.0153	 -59.5509
  317.267	 -5.0743	 -59.2871
  321.217	 -5.1347	 -58.9532
  325.216	 -5.2025	 -58.8448
  329.264	 -5.2755	 -58.4585
  333.363	 -5.3399	 -58.1340
  337.513	 -5.4073	 -57.7304
  341.715	 -5.4686	 -57.4572
  345.969	 -5.5324	 -57.2931
  350.276	 -5.6029	 -57.2406
  354.636	 -5.6849	 -56.9551
  359.051	 -5.7752	 -56.7755
  363.521	 -5.8811	 -56.6045
  368.046	 -5.9954	 -56.4732
  372.628	 -6.1132	 -56.4211
  377.266	 -6.2437	 -56.2375
  381.963	 -6.3848	 -55.9176
  386.718	 -6.5146	 -55.4263
  391.532	 -6.6359	 -55.0181
  396.406	 -6.7634	 -54.6127
  401.341	 -6.8905	 -53.9007
  406.337	 -6.9973	 -53.0608
  411.395	 -7.0933	 -52.3352
  416.517	 -7.1934	 -51.8585
  421.702	 -7.2893	 -51.1815
  426.951	 -7.3755	 -50.5806
  432.266	 -7.4521	 -50.0117
  437.648	 -7.5310	 -49.7499
  443.096	 -7.6166	 -49.4012
  448.612	 -7.6946	 -48.9923
  454.196	 -7.7759	 -48.6975
  459.851	 -7.8863	 -48.9218
  465.575	 -8.0466	 -46.1249
  471.371	 -8.1141	 -43.6340
  477.239	 -8.1189	 -41.9038
  483.180	 -8.0673	 -40.5855
  489.195	 -7.9767	 -39.7633
  495.285	 -7.8653	 -38.9959
  501.450	 -7.7430	 -38.3367
  507.693	 -7.6409	 -37.9341
  514.013	 -7.5573	 -37.4585
  520.412	 -7.4983	 -37.0592
  526.890	 -7.4500	 -36.7131
  533.449	 -7.4296	 -36.6457
  540.090	 -7.4183	 -36.4275
  546.814	 -7.4164	 -36.2562
  553.621	 -7.4270	 -36.0550
  560.513	 -7.4489	 -35.8442
  567.490	 -7.4832	 -35.3098
  574.555	 -7.5396	 -33.9121
  581.707	 -7.6161	 -30.9815
  588.949	 -7.6856	 -27.4139
  596.281	 -7.6815	 -24.1412
  603.703	 -7.6078	 -24.8107
  611.219	 -7.6029	 -25.6229
  618.828	 -7.5351	 -25.4477
  626.531	 -7.4329	 -25.1414
  634.331	 -7.2999	 -24.4606
  642.228	 -7.1530	 -23.7728
  650.222	 -7.0042	 -23.1818
  658.317	 -6.8598	 -22.3915
  666.512	 -6.7017	 -21.5687
  674.809	 -6.5377	 -20.9580
  683.210	 -6.3845	 -20.4155
  691.715	 -6.2211	 -19.5490
  700.326	 -6.0527	 -18.6262
  709.044	 -5.8766	 -17.7064
  717.871	 -5.7105	 -16.8074
  726.807	 -5.5524	 -15.8471
  735.855	 -5.4359	 -15.2198
  745.016	 -5.3659	 -14.8278
  754.290	 -5.3269	 -16.0985
  763.680	 -5.3343	 -17.5843
  773.187	 -5.3701	 -18.7440
  782.812	 -5.4118	 -18.8293
  792.557	 -5.3886	 -18.4758
  802.424	 -5.3602	 -18.2300
  812.413	 -5.2991	 -17.4556
  822.526	 -5.2185	 -16.7763
  832.766	 -5.1008	 -15.7923
  843.133	 -4.9679	 -14.8503
  853.629	 -4.7838	 -13.2318
  864.255	 -4.5229	 -11.6561
  875.014	 -4.1467	 -9.7885
  885.907	 -3.6122	 -7.8353
  896.935	 -2.7549	 -5.6909
  908.101	 -1.1125	 -4.1428
  919.406	 1.1534	 -4.1052
  930.851	 2.9460	 -5.5730
  942.439	 4.2370	 -8.1216
  954.171	 5.2356	 -11.0661
  966.049	 5.9596	 -15.3660
  978.076	 6.4543	 -20.2164
  990.251	 6.7635	 -25.6319
 1002.579	 6.9460	 -29.4977
 1015.060	 7.0531	 -31.9684
 1027.696	 7.1232	 -34.0977
 1040.489	 7.1990	 -36.3553
 1053.442	 7.3528	 -39.8874
 1066.556	 7.5495	 -45.6155
 1079.833	 7.6938	 -52.9563
 1093.276	 7.7962	 -60.1408
 1106.886	 7.8252	 -67.5487
 1120.665	 7.7439	 -73.2256
 1134.616	 7.5452	 -78.5194
 1148.741	 7.1935	 -86.0632
 1163.041	 6.6830	 -94.1061
 1177.519	 5.9830	 -101.4358
 1192.178	 5.0494	 -107.0273
 1207.019	 4.1481	 -110.9024
 1222.045	 3.4588	 -113.2596
 1237.258	 2.9027	 -110.7881
 1252.660	 2.5153	 -105.4069
 1268.254	 2.2647	 -102.1699
 1284.042	 2.0536	 -99.3543
 1300.027	 1.7599	 -97.7986
 1316.211	 1.3063	 -97.8057
 1332.596	 0.7387	 -98.4942
 1349.185	 0.1486	 -100.4776
 1365.981	 -0.6120	 -101.9282
 1382.985	 -1.0594	 -102.2947
 1400.202	 -0.8776	 -102.0970
 1417.633	 -0.6226	 -102.0390
 1435.280	 -0.4366	 -102.4075
 1453.148	 -0.3286	 -104.5380
 1471.238	 -0.3648	 -107.1263
 1489.553	 -0.3564	 -107.2685
 1508.096	 -0.3152	 -107.0536
 1526.870	 -0.2773	 -106.9584
 1545.877	 -0.2470	 -107.1270
 1565.121	 -0.2153	 -108.4638
 1584.605	 -0.2237	 -112.4816
 1604.332	 -0.2922	 -120.5266
 1624.303	 -0.4488	 -129.2907
 1644.524	 -0.7245	 -134.2309
 1664.996	 -1.0839	 -137.8326
 1685.723	 -1.5867	 -140.9381
 1706.708	 -2.2663	 -143.2684
 1727.955	 -3.1868	 -145.8027
 1749.466	 -4.3456	 -147.7071
 1771.244	 -5.4096	 -148.5137
 1793.294	 -6.5590	 -149.7830
 1815.618	 -7.3680	 -149.1119
 1838.221	 -7.9542	 -146.9226
 1861.104	 -8.4397	 -145.3956
 1884.272	 -8.8653	 -144.9825
 1907.729	 -9.3245	 -145.5991
 1931.478	 -9.8855	 -145.6788
 1955.523	 -10.5913	 -141.3225
 1979.866	 -11.3218	 -137.8270
 2004.513	 -12.0557	 -136.3410
 2029.467	 -12.8932	 -134.7294
 2054.731	 -13.1704	 -131.1994
 2080.310	 -12.9645	 -128.6468
 2106.207	 -12.8000	 -127.2376
 2132.427	 -12.7134	 -126.5311
 2158.973	 -12.7105	 -127.0017
 2185.849	 -12.7950	 -127.3326
 2213.060	 -12.9387	 -126.7671
 2240.610	 -13.1199	 -126.0620
 2268.503	 -13.2532	 -125.4416
 2296.743	 -13.4283	 -124.8566
 2325.334	 -13.5550	 -122.1514
 2354.282	 -13.5155	 -121.6354
 2383.590	 -13.5941	 -123.4176
 2413.262	 -13.6326	 -124.2797
 2443.305	 -13.7434	 -123.7757
 2473.721	 -13.8538	 -121.9626
 2504.515	 -14.0232	 -121.0719
 2535.693	 -14.2805	 -125.4174
 2567.260	 -14.7398	 -128.7875
 2599.219	 -15.2100	 -129.5289
 2631.576	 -15.5473	 -129.3343
 2664.335	 -15.7994	 -129.5040
 2697.503	 -15.9467	 -128.6956
 2731.084	 -16.0377	 -128.4520
 2765.082	 -16.1457	 -126.9476
 2799.504	 -16.2275	 -124.7263
 2834.354	 -16.2715	 -123.4780
 2869.638	 -16.3225	 -123.8924
 2905.362	 -16.2373	 -124.4118
 2941.530	 -16.0366	 -125.8823
 2978.148	 -15.8846	 -128.5072
 3015.222	 -15.7713	 -131.5901
 3052.758	 -15.7387	 -133.5147
 3090.761	 -15.5816	 -136.4481
 3129.237	 -15.5059	 -139.0734
 3168.192	 -15.4708	 -144.1422
 3207.632	 -15.5008	 -145.5829
 3247.563	 -15.5585	 -148.5263
 3287.991	 -15.6600	 -149.9213
 3328.923	 -15.7419	 -152.2377
 3370.364	 -15.8392	 -154.2653
 3412.320	 -15.9713	 -156.4136
 3454.799	 -16.1024	 -155.2787
 3497.807	 -16.2689	 -155.2971
 3541.351	 -16.4935	 -152.9561
 3585.436	 -16.8062	 -153.6202
 3630.070	 -17.3055	 -156.0676
 3675.260	 -17.9579	 -157.4776
 3721.012	 -18.7984	 -158.3961
 3767.334	 -20.0040	 -156.9111
 3814.233	 -21.3717	 -155.3982
 3861.715	 -22.4356	 -152.4140
 3909.789	 -23.4349	 -151.2921
 3958.460	 -24.6637	 -149.2296
 4007.738	 -25.7596	 -141.6565
 4057.630	 -25.9471	 -138.6066
 4108.142	 -26.0294	 -133.7580
 4159.283	 -25.8325	 -129.6218
 4211.061	 -25.4665	 -125.3932
 4263.483	 -25.0114	 -124.4970
 4316.559	 -24.7132	 -123.2541
 4370.294	 -24.4764	 -121.7058
 4424.699	 -24.3395	 -119.2962
 4479.781	 -24.2714	 -119.4620
 4535.548	 -24.2755	 -119.5979
 4592.010	 -24.3331	 -121.2997
 4649.175	 -24.4053	 -121.1816
 4707.051	 -24.4566	 -120.5958
 4765.648	 -24.4965	 -119.1268
 4824.975	 -24.5345	 -119.1975
 4885.039	 -24.6589	 -119.8963
 4945.852	 -24.7914	 -118.7047
 5007.421	 -24.9726	 -119.5170
 5069.757	 -25.2910	 -117.5527
 5132.870	 -25.5759	 -117.1243
 5196.768	 -26.0637	 -117.9208
 5261.460	 -26.6716	 -113.6879
 5326.959	 -26.5029	 -111.5172
 5393.273	 -26.4633	 -113.8991
 5460.413	 -26.3379	 -115.6560
 5528.388	 -26.1153	 -114.9538
 5597.209	 -25.6526	 -113.7572
 5666.887	 -25.3282	 -115.5218
 5737.433	 -25.1473	 -116.8568
 5808.857	 -25.0427	 -118.7976
 5881.169	 -24.9960	 -120.2361
 5954.383	 -24.9841	 -121.3317
 6028.507	 -25.0202	 -122.4427
 6103.555	 -25.0053	 -123.4596
 6179.536	 -25.0336	 -127.5768
 6256.464	 -25.0690	 -130.6700
 6334.349	 -25.1213	 -129.8407
 6413.204	 -25.2048	 -131.0334
 6493.040	 -25.3606	 -130.0144
 6573.870	 -25.5947	 -133.6922
 6655.706	 -26.0017	 -134.1729
 6738.562	 -26.5272	 -136.8405
 6822.448	 -27.3180	 -137.6236
 6907.379	 -28.5242	 -138.0700
 6993.367	 -29.4342	 -136.9613
 7080.426	 -30.5498	 -134.6121
 7168.568	 -31.2421	 -133.3705
 7257.808	 -32.1254	 -132.8995
 7348.158	 -32.7004	 -129.7058
 7439.633	 -32.9715	 -127.2846
 7532.248	 -33.3317	 -125.2043
 7626.015	 -33.5770	 -123.5377
 7720.949	 -33.7283	 -120.8531
 7817.065	 -33.9144	 -120.0460
 7914.377	 -34.1708	 -116.3372
 8012.901	 -34.0708	 -110.8000
 8112.652	 -33.9563	 -108.0974
 8213.645	 -33.9146	 -108.0594
 8315.894	 -33.7353	 -106.5560
 8419.416	 -33.5104	 -109.0727
 8524.228	 -33.3992	 -104.9290
 8630.343	 -33.1401	 -103.3823
 8737.780	 -32.8972	 -104.5344
 8846.555	 -32.7909	 -107.5487
 8956.683	 -32.7251	 -110.7181
 9068.182	 -32.7307	 -111.2206
 9181.069	 -32.7325	 -112.1292
 9295.362	 -32.8032	 -112.9658
 9411.078	 -32.8480	 -114.2260
 9528.233	 -32.9144	 -115.9373
 9646.849	 -33.0510	 -116.8956
 9766.939	 -33.2244	 -116.5733
 9888.525	 -33.3874	 -114.7301
10011.625	 -33.6456	 -114.8492
10136.257	 -33.9330	 -113.4185
10262.440	 -34.2647	 -112.6848
10390.195	 -34.6901	 -113.4057
10519.540	 -35.1164	 -111.6721
10650.495	 -35.4677	 -112.6475
10783.080	 -36.1560	 -112.4235
10917.316	 -36.6287	 -108.4686
11053.223	 -36.9342	 -110.3733
11190.821	 -37.4651	 -110.4091
11330.133	 -38.0157	 -107.4553
11471.179	 -38.3234	 -106.8455
11613.980	 -38.6683	 -102.4695
11758.561	 -38.8230	 -99.7836
11904.939	 -39.0725	 -97.6502
12053.141	 -38.9830	 -94.9315
12203.188	 -38.8267	 -92.2950
12355.102	 -38.4509	 -90.3277
12508.907	 -38.2001	 -91.1973
12664.627	 -38.0132	 -89.9420
12822.286	 -37.9155	 -91.0787
12981.907	 -37.9144	 -92.0509
13143.516	 -37.9725	 -90.8507
13307.136	 -37.9868	 -92.7519
13472.793	 -38.0610	 -92.7088
13640.512	 -37.8534	 -93.8073
13810.319	 -37.6939	 -94.5893
13982.240	 -37.4572	 -98.3476
14156.302	 -37.3688	 -103.7585
14332.529	 -37.3167	 -103.3356
14510.951	 -37.2663	 -104.9258
14691.595	 -37.3098	 -108.1289
14874.486	 -37.4208	 -111.0367
15059.655	 -37.6096	 -113.1628
15247.129	 -37.8789	 -115.8472
15436.937	 -38.2050	 -119.1785
15629.106	 -38.6846	 -121.2390
15823.669	 -38.9918	 -122.0262
16020.654	 -39.4172	 -121.4267
16220.091	 -39.6877	 -118.8886
16422.010	 -40.0229	 -118.3253
16626.443	 -40.4666	 -113.8550
16833.422	 -41.0183	 -112.1640
17042.977	 -41.8181	 -112.3993
17255.141	 -42.9172	 -111.1769
17469.945	 -44.4363	 -109.7244
17687.424	 -46.4753	 -107.5615
17907.609	 -48.1143	 -104.3011
18130.537	 -50.1285	 -98.9511
18356.240	 -51.2654	 -90.0804
18584.752	 -51.8173	 -84.4966
18816.107	 -52.4643	 -79.6454
19050.346	 -53.2723	 -71.9511
19287.498	 -53.3642	 -64.5438
19527.604	 -53.2518	 -60.0656
19770.697	 -53.1800	 -54.8189
20016.816	 -52.8396	 -49.9199
20266.002	 -52.5866	 -43.1025
20518.287	 -52.3422	 -38.2461
20773.715	 -52.1696	 -37.3781
21032.320	 -52.1000	 -31.6235
21294.146	 -52.0639	 -24.1595
21559.232	 -52.0883	 -15.3674
21827.617	 -52.2097	 -11.9217
22099.344	 -52.0366	 -10.9846
22374.453	 -51.8141	 -17.8345
22652.986	 -51.5318	 -30.5618
