Smoothed Frequency Response
Resolution = 1/3 octave
Numpoints = 720
SamplingRate = 48000 Hz
Minimum Phase
Frequency(Hz)   Magnitude(dB)    Phase(deg)
    3.104	 -18.9639	 -5.1782
    3.143	 -18.9647	 -5.1782
    3.182	 -18.9659	 -5.1782
    3.221	 -18.9675	 -5.1782
    3.261	 -18.9694	 -5.1782
    3.302	 -18.9716	 -5.1782
    3.343	 -18.9743	 -5.3111
    3.385	 -18.9775	 -5.5751
    3.427	 -18.9812	 -5.8364
    3.469	 -18.9858	 -6.0949
    3.513	 -18.9912	 -6.4360
    3.556	 -18.9980	 -6.5568
    3.601	 -19.0060	 -6.8050
    3.645	 -19.0152	 -7.0506
    3.691	 -19.0256	 -7.2935
    3.737	 -19.0374	 -7.5337
    3.783	 -19.0505	 -7.7711
    3.830	 -19.0649	 -8.0055
    3.878	 -19.0809	 -8.2369
    3.926	 -19.0982	 -8.4653
    3.975	 -19.1172	 -8.6906
    4.025	 -19.1376	 -8.9126
    4.075	 -19.1597	 -9.1313
    4.126	 -19.1835	 -9.3466
    4.177	 -19.2090	 -9.5586
    4.229	 -19.2363	 -9.7670
    4.282	 -19.2654	 -9.9719
    4.335	 -19.2964	 -10.1732
    4.389	 -19.3294	 -10.3709
    4.444	 -19.3643	 -10.5648
    4.499	 -19.4014	 -10.7551
    4.555	 -19.4405	 -10.9415
    4.612	 -19.4819	 -11.1242
    4.669	 -19.5255	 -11.3031
    4.727	 -19.5715	 -11.4781
    4.786	 -19.6198	 -11.6493
    4.845	 -19.6706	 -11.8167
    4.906	 -19.7240	 -11.9803
    4.967	 -19.7799	 -12.1401
    5.029	 -19.8386	 -12.2961
    5.091	 -19.9000	 -12.4484
    5.155	 -19.9642	 -12.5970
    5.219	 -20.0314	 -12.7420
    5.284	 -20.1017	 -12.8825
    5.350	 -20.1753	 -13.0181
    5.416	 -20.2526	 -13.1479
    5.484	 -20.3338	 -13.2713
    5.552	 -20.4193	 -13.3875
    5.621	 -20.5094	 -13.4956
    5.691	 -20.6043	 -13.5948
    5.762	 -20.7045	 -13.6842
    5.834	 -20.8102	 -13.7630
    5.906	 -20.9218	 -13.8300
    5.980	 -21.0394	 -13.8843
    6.054	 -21.1633	 -13.9249
    6.129	 -21.2938	 -13.9505
    6.206	 -21.4311	 -13.9601
    6.283	 -21.5754	 -13.9524
    6.361	 -21.7269	 -13.9262
    6.440	 -21.8858	 -13.8801
    6.521	 -22.0522	 -13.8128
    6.602	 -22.2261	 -13.7227
    6.684	 -22.4073	 -13.6084
    6.767	 -22.5958	 -13.4684
    6.851	 -22.7910	 -13.3018
    6.937	 -22.9926	 -13.1076
    7.023	 -23.2002	 -12.8848
    7.111	 -23.4132	 -12.6324
    7.199	 -23.6309	 -12.3494
    7.289	 -23.8529	 -12.0347
    7.379	 -24.0784	 -11.6872
    7.471	 -24.3067	 -11.3058
    7.564	 -24.5369	 -10.8893
    7.658	 -24.7681	 -10.4365
    7.754	 -24.9993	 -9.9461
    7.850	 -25.2295	 -9.4000
    7.948	 -25.4575	 -8.7881
    8.047	 -25.6824	 -8.1026
    8.147	 -25.9031	 -7.3365
    8.249	 -26.1189	 -6.4831
    8.351	 -26.3288	 -5.5364
    8.455	 -26.5322	 -4.4908
    8.560	 -26.7282	 -3.3416
    8.667	 -26.9165	 -2.0848
    8.775	 -27.0963	 -0.7171
    8.884	 -27.2673	 0.7639
    8.995	 -27.4293	 2.3596
    9.107	 -27.5818	 4.0706
    9.220	 -27.7249	 5.8961
    9.335	 -27.8585	 7.8344
    9.451	 -27.9829	 9.8825
    9.569	 -28.0981	 12.0360
    9.688	 -28.2045	 14.2891
    9.808	 -28.3024	 16.6344
    9.931	 -28.3921	 19.0631
   10.054	 -28.4735	 21.5644
   10.179	 -28.5468	 24.1088
   10.306	 -28.6116	 26.6729
   10.434	 -28.6677	 29.2191
   10.564	 -28.7145	 31.7221
   10.696	 -28.7510	 34.1687
   10.829	 -28.7762	 36.5466
   10.964	 -28.7887	 38.8447
   11.100	 -28.7872	 41.0529
   11.238	 -28.7702	 43.1629
   11.378	 -28.7365	 45.1674
   11.520	 -28.6851	 47.0610
   11.663	 -28.6153	 48.8398
   11.809	 -28.5269	 50.5019
   11.956	 -28.4203	 52.0474
   12.104	 -28.2962	 53.4784
   12.255	 -28.1562	 54.7997
   12.408	 -28.0022	 56.0180
   12.562	 -27.8371	 57.1432
   12.718	 -27.6641	 58.1878
   12.877	 -27.4870	 59.1673
   13.037	 -27.3105	 60.0900
   13.199	 -27.1398	 60.9638
   13.364	 -26.9795	 61.8042
   13.530	 -26.8337	 62.6440
   13.698	 -26.7060	 63.5038
   13.869	 -26.5991	 64.3930
   14.042	 -26.5147	 65.3205
   14.216	 -26.4541	 66.2950
   14.393	 -26.4177	 67.3245
   14.573	 -26.4059	 68.4168
   14.754	 -26.4185	 69.5787
   14.938	 -26.4553	 70.8167
   15.124	 -26.5157	 72.1364
   15.312	 -26.5989	 73.5428
   15.503	 -26.7033	 75.0401
   15.696	 -26.8255	 76.6471
   15.891	 -26.9621	 78.3808
   16.089	 -27.1089	 80.2525
   16.289	 -27.2605	 82.2700
   16.492	 -27.4110	 84.4367
   16.697	 -27.5535	 86.7515
   16.905	 -27.6803	 89.2193
   17.115	 -27.7838	 91.8435
   17.328	 -27.8576	 94.6180
   17.544	 -27.8960	 97.5324
   17.763	 -27.8951	 100.5717
   17.984	 -27.8526	 103.7165
   18.208	 -27.7681	 106.9280
   18.434	 -27.6438	 110.1721
   18.664	 -27.4827	 113.4440
   18.896	 -27.2889	 116.7386
   19.131	 -27.0667	 120.0506
   19.369	 -26.8206	 123.3747
   19.611	 -26.5546	 126.7050
   19.855	 -26.2719	 130.0358
   20.102	 -25.9748	 133.3609
   20.352	 -25.6652	 136.6583
   20.605	 -25.3431	 139.9067
   20.862	 -25.0070	 143.0949
   21.122	 -24.6548	 146.2122
   21.385	 -24.2845	 149.2470
   21.651	 -23.8940	 152.1904
   21.920	 -23.4820	 155.0368
   22.193	 -23.0477	 157.7842
   22.470	 -22.5916	 160.4338
   22.749	 -22.1152	 162.9912
   23.032	 -21.6210	 165.4660
   23.319	 -21.1131	 167.8680
   23.609	 -20.5970	 170.1651
   23.903	 -20.0760	 172.3753
   24.201	 -19.5526	 174.4907
   24.502	 -19.0283	 176.5068
   24.807	 -18.5039	 178.4229
   25.116	 -17.9792	 -179.7573
   25.429	 -17.4540	 -178.0259
   25.745	 -16.9276	 -176.3703
   26.066	 -16.3996	 -174.7811
   26.390	 -15.8697	 -173.2490
   26.719	 -15.3374	 -171.7620
   27.051	 -14.8024	 -170.3177
   27.388	 -14.2643	 -168.9168
   27.729	 -13.7225	 -167.5603
   28.074	 -13.1764	 -166.2549
   28.424	 -12.6253	 -165.0124
   28.778	 -12.0675	 -163.8770
   29.136	 -11.5020	 -162.8569
   29.499	 -10.9279	 -161.9541
   29.866	 -10.3445	 -161.1708
   30.238	 -9.7512	 -160.5049
   30.614	 -9.1479	 -159.8934
   30.995	 -8.5346	 -159.3285
   31.381	 -7.9114	 -158.7974
   31.772	 -7.2784	 -158.2975
   32.167	 -6.6357	 -157.8316
   32.568	 -5.9834	 -157.4072
   32.973	 -5.3214	 -157.0359
   33.383	 -4.6500	 -156.7344
   33.799	 -3.9705	 -156.5420
   34.220	 -3.2871	 -156.5201
   34.646	 -2.6025	 -156.6834
   35.077	 -1.9196	 -157.0414
   35.514	 -1.2409	 -157.5979
   35.956	 -0.5684	 -158.3508
   36.403	 0.0961	 -159.2929
   36.857	 0.7511	 -160.4119
   37.315	 1.3949	 -161.6624
   37.780	 2.0260	 -163.0361
   38.250	 2.6428	 -164.5321
   38.726	 3.2439	 -166.1508
   39.209	 3.8268	 -167.9178
   39.697	 4.3897	 -169.8568
   40.191	 4.9310	 -171.9766
   40.691	 5.4495	 -174.2827
   41.198	 5.9439	 -176.7610
   41.711	 6.4130	 -179.3749
   42.230	 6.8562	 177.8981
   42.756	 7.2734	 175.0652
   43.288	 7.6646	 172.1288
   43.827	 8.0303	 169.1118
   44.372	 8.3712	 166.0602
   44.925	 8.6881	 162.9681
   45.484	 8.9816	 159.8316
   46.050	 9.2518	 156.6520
   46.623	 9.4989	 153.4378
   47.204	 9.7215	 150.2398
   47.791	 9.9191	 147.0665
   48.386	 10.0917	 143.9261
   48.989	 10.2402	 140.8281
   49.599	 10.3661	 137.7780
   50.216	 10.4713	 134.7839
   50.841	 10.5578	 131.8816
   51.474	 10.6280	 129.1057
   52.115	 10.6841	 126.4816
   52.764	 10.7285	 124.0257
   53.420	 10.7631	 121.7305
   54.085	 10.7904	 119.5572
   54.759	 10.8122	 117.4737
   55.440	 10.8305	 115.4668
   56.131	 10.8469	 113.5356
   56.829	 10.8634	 111.6923
   57.537	 10.8818	 109.9538
   58.253	 10.9041	 108.3364
   58.978	 10.9326	 106.8455
   59.712	 10.9693	 105.4714
   60.456	 11.0155	 104.1916
   61.208	 11.0727	 102.9507
   61.970	 11.1405	 101.7438
   62.742	 11.2183	 100.5712
   63.523	 11.3049	 99.4286
   64.314	 11.3992	 98.3113
   65.114	 11.4998	 97.2091
   65.925	 11.6044	 96.1079
   66.745	 11.7113	 94.9988
   67.576	 11.8198	 93.8775
   68.418	 11.9298	 92.7439
   69.269	 12.0417	 91.5961
   70.132	 12.1549	 90.4299
   71.005	 12.2674	 89.2446
   71.889	 12.3782	 88.0459
   72.784	 12.4877	 86.8518
   73.690	 12.5977	 85.6894
   74.607	 12.7095	 84.5518
   75.536	 12.8232	 83.3922
   76.476	 12.9390	 82.1671
   77.428	 13.0567	 80.8905
   78.392	 13.1758	 79.6173
   79.368	 13.2957	 78.3745
   80.356	 13.4159	 77.1414
   81.356	 13.5360	 75.8712
   82.369	 13.6558	 74.5504
   83.394	 13.7755	 73.2144
   84.433	 13.8951	 71.9025
   85.484	 14.0150	 70.6059
   86.548	 14.1354	 69.2767
   87.625	 14.2563	 67.8979
   88.716	 14.3774	 66.4834
   89.820	 14.4984	 65.0534
   90.939	 14.6191	 63.5909
   92.071	 14.7390	 62.0581
   93.217	 14.8567	 60.4691
   94.377	 14.9670	 58.8641
   95.552	 15.0673	 57.2122
   96.742	 15.1590	 55.5103
   97.946	 15.2432	 53.7977
   99.165	 15.3209	 52.1171
  100.400	 15.3936	 50.4631
  101.650	 15.4615	 48.7814
  102.915	 15.5246	 47.0270
  104.196	 15.5825	 45.2426
  105.493	 15.6347	 43.4916
  106.806	 15.6804	 41.7599
  108.136	 15.7191	 39.9914
  109.482	 15.7502	 38.1789
  110.845	 15.7735	 36.3616
  112.225	 15.7889	 34.5515
  113.622	 15.7964	 32.7338
  115.037	 15.7958	 30.9382
  116.469	 15.7873	 29.1537
  117.919	 15.7738	 27.3698
  119.386	 15.7562	 25.6399
  120.873	 15.7342	 23.9629
  122.377	 15.7093	 22.2771
  123.901	 15.6801	 20.5727
  125.443	 15.6431	 18.8859
  127.005	 15.5975	 17.2256
  128.586	 15.5445	 15.5641
  130.187	 15.4840	 13.9130
  131.807	 15.4158	 12.3001
  133.448	 15.3417	 10.7617
  135.109	 15.2622	 9.2673
  136.791	 15.1777	 7.7719
  138.494	 15.0882	 6.3094
  140.218	 14.9939	 4.9075
  141.964	 14.8969	 3.5445
  143.731	 14.7961	 2.1762
  145.520	 14.6918	 0.8500
  147.332	 14.5852	 -0.3507
  149.166	 14.4772	 -1.5882
  151.023	 14.3673	 -2.8413
  152.903	 14.2514	 -4.0368
  154.806	 14.1332	 -5.1766
  156.734	 14.0136	 -6.2690
  158.685	 13.8929	 -7.2987
  160.660	 13.7730	 -8.2414
  162.660	 13.6556	 -9.1941
  164.685	 13.5390	 -10.1603
  166.735	 13.4213	 -11.0801
  168.811	 13.3034	 -11.9398
  170.912	 13.1858	 -12.7629
  173.040	 13.0678	 -13.5354
  175.194	 12.9496	 -14.3296
  177.375	 12.8310	 -15.0878
  179.583	 12.7137	 -15.8005
  181.819	 12.5991	 -16.4912
  184.082	 12.4851	 -17.1776
  186.374	 12.3753	 -17.8433
  188.694	 12.2700	 -18.5220
  191.043	 12.1657	 -19.2779
  193.421	 12.0625	 -19.9690
  195.829	 11.9607	 -20.6230
  198.267	 11.8605	 -21.2449
  200.735	 11.7581	 -21.8304
  203.234	 11.6569	 -22.4353
  205.764	 11.5553	 -23.0910
  208.325	 11.4508	 -23.7891
  210.919	 11.3425	 -24.4286
  213.544	 11.2327	 -24.9667
  216.203	 11.1204	 -25.4303
  218.894	 11.0049	 -25.8391
  221.619	 10.8881	 -26.2350
  224.378	 10.7670	 -26.6493
  227.171	 10.6444	 -26.9833
  229.999	 10.5249	 -27.2700
  232.862	 10.4087	 -27.5939
  235.761	 10.2960	 -27.9443
  238.696	 10.1864	 -28.3725
  241.668	 10.0782	 -28.7450
  244.676	 9.9745	 -29.0395
  247.722	 9.8763	 -29.2961
  250.806	 9.7826	 -29.4970
  253.928	 9.6940	 -29.7491
  257.089	 9.6070	 -29.9882
  260.290	 9.5246	 -30.2423
  263.530	 9.4461	 -30.4748
  266.810	 9.3757	 -30.6372
  270.132	 9.3140	 -30.7665
  273.495	 9.2580	 -30.8897
  276.899	 9.2051	 -31.0298
  280.346	 9.1531	 -31.2387
  283.836	 9.0987	 -31.5474
  287.370	 9.0390	 -31.8655
  290.947	 8.9770	 -32.1749
  294.569	 8.9149	 -32.5554
  298.236	 8.8476	 -33.0175
  301.949	 8.7778	 -33.4359
  305.708	 8.7080	 -33.8198
  309.513	 8.6428	 -34.1639
  313.366	 8.5761	 -34.5250
  317.267	 8.5065	 -34.8287
  321.217	 8.4372	 -35.1123
  325.216	 8.3669	 -35.4500
  329.264	 8.2955	 -35.7434
  333.363	 8.2260	 -36.0527
  337.513	 8.1550	 -36.3151
  341.715	 8.0876	 -36.5906
  345.969	 8.0190	 -36.9398
  350.276	 7.9464	 -37.2983
  354.636	 7.8685	 -37.5900
  359.051	 7.7884	 -37.8628
  363.521	 7.7049	 -38.1634
  368.046	 7.6188	 -38.4653
  372.628	 7.5314	 -38.7559
  377.266	 7.4442	 -39.0224
  381.963	 7.3545	 -39.2558
  386.718	 7.2705	 -39.4091
  391.532	 7.1905	 -39.5735
  396.406	 7.1123	 -39.7404
  401.341	 7.0350	 -39.8258
  406.337	 6.9661	 -39.8698
  411.395	 6.8993	 -40.0143
  416.517	 6.8312	 -40.2154
  421.702	 6.7642	 -40.3852
  426.951	 6.6997	 -40.5329
  432.266	 6.6402	 -40.6902
  437.648	 6.5808	 -40.9725
  443.096	 6.5179	 -41.2210
  448.612	 6.4568	 -41.4031
  454.196	 6.3962	 -41.5713
  459.851	 6.3307	 -41.8225
  465.575	 6.2506	 -41.9711
  471.371	 6.1744	 -41.9046
  477.239	 6.1055	 -41.8877
  483.180	 6.0433	 -41.9586
  489.195	 5.9830	 -42.0919
  495.285	 5.9268	 -42.2153
  501.450	 5.8739	 -42.3803
  507.693	 5.8162	 -42.5945
  514.013	 5.7549	 -42.7636
  520.412	 5.6874	 -42.8922
  526.890	 5.6158	 -43.0452
  533.449	 5.5355	 -43.1592
  540.090	 5.4565	 -43.1645
  546.814	 5.3799	 -43.1925
  553.621	 5.3037	 -43.1763
  560.513	 5.2301	 -43.1278
  567.490	 5.1606	 -42.9576
  574.555	 5.0966	 -42.5854
  581.707	 5.0453	 -42.0241
  588.949	 5.0152	 -41.4575
  596.281	 5.0163	 -41.0691
  603.703	 5.0440	 -41.1307
  611.219	 5.0629	 -41.4840
  618.828	 5.0917	 -41.7746
  626.531	 5.1186	 -42.0783
  634.331	 5.1439	 -42.3204
  642.228	 5.1673	 -42.5230
  650.222	 5.1864	 -42.7894
  658.317	 5.2038	 -42.9624
  666.512	 5.2236	 -43.1731
  674.809	 5.2415	 -43.4918
  683.210	 5.2545	 -43.7669
  691.715	 5.2728	 -44.0678
  700.326	 5.2906	 -44.4331
  709.044	 5.3100	 -44.8377
  717.871	 5.3233	 -45.3535
  726.807	 5.3237	 -45.8732
  735.855	 5.3068	 -46.4339
  745.016	 5.2692	 -47.1373
  754.290	 5.2040	 -48.1583
  763.680	 5.1160	 -49.0775
  773.187	 5.0157	 -49.9081
  782.812	 4.9157	 -50.3869
  792.557	 4.8353	 -50.7348
  802.424	 4.7557	 -51.0189
  812.413	 4.6917	 -51.2036
  822.526	 4.6285	 -51.4766
  832.766	 4.5691	 -51.7107
  843.133	 4.5082	 -51.9371
  853.629	 4.4540	 -52.0966
  864.255	 4.3904	 -52.2476
  875.014	 4.3290	 -52.1588
  885.907	 4.2694	 -52.0385
  896.935	 4.2184	 -51.5458
  908.101	 4.2260	 -50.9057
  919.406	 4.3806	 -50.7272
  930.851	 4.6060	 -51.3444
  942.439	 4.8464	 -52.4352
  954.171	 5.0853	 -53.8387
  966.049	 5.2776	 -55.5137
  978.076	 5.4091	 -57.1253
  990.251	 5.4783	 -58.5172
 1002.579	 5.5016	 -59.4793
 1015.060	 5.4971	 -60.3298
 1027.696	 5.4792	 -61.1324
 1040.489	 5.4674	 -62.0652
 1053.442	 5.4693	 -63.4858
 1066.556	 5.4633	 -65.3983
 1079.833	 5.4366	 -66.9019
 1093.276	 5.3989	 -68.0180
 1106.886	 5.3344	 -69.1178
 1120.665	 5.2394	 -70.2890
 1134.616	 5.0858	 -72.4898
 1148.741	 4.8460	 -74.1970
 1163.041	 4.5308	 -76.0384
 1177.519	 4.1313	 -77.8752
 1192.178	 3.6330	 -79.2427
 1207.019	 3.1760	 -79.7890
 1222.045	 2.8279	 -79.8157
 1237.258	 2.5753	 -79.7649
 1252.660	 2.4258	 -80.1210
 1268.254	 2.2884	 -80.8004
 1284.042	 2.1399	 -81.3694
 1300.027	 1.9391	 -82.1133
 1316.211	 1.6752	 -82.8836
 1332.596	 1.3536	 -81.3517
 1349.185	 1.0754	 -78.6231
 1365.981	 0.8489	 -76.5000
 1382.985	 0.8457	 -74.4301
 1400.202	 0.9672	 -73.7163
 1417.633	 1.1279	 -73.6845
 1435.280	 1.3090	 -74.0549
 1453.148	 1.4769	 -74.5396
 1471.238	 1.6321	 -74.3164
 1489.553	 1.7769	 -74.7474
 1508.096	 1.8707	 -75.4436
 1526.870	 1.9258	 -76.3808
 1545.877	 1.9511	 -77.3650
 1565.121	 1.9750	 -78.5644
 1584.605	 1.9846	 -80.1811
 1604.332	 1.9863	 -81.3055
 1624.303	 1.9905	 -81.7015
 1644.524	 2.0307	 -81.6983
 1664.996	 2.0491	 -82.1078
 1685.723	 2.0216	 -82.6665
 1706.708	 1.9349	 -83.2758
 1727.955	 1.7817	 -86.5590
 1749.466	 1.4923	 -90.8346
 1771.244	 1.1469	 -93.2797
 1793.294	 0.7099	 -95.6691
 1815.618	 0.2714	 -97.0989
 1838.221	 -0.1331	 -98.0412
 1861.104	 -0.5160	 -98.8244
 1884.272	 -0.8815	 -99.6982
 1907.729	 -1.2437	 -100.3971
 1931.478	 -1.6044	 -100.7829
 1955.523	 -1.9694	 -100.9699
 1979.866	 -2.3146	 -101.1392
 2004.513	 -2.6434	 -101.6431
 2029.467	 -2.9595	 -102.0266
 2054.731	 -3.2160	 -101.9528
 2080.310	 -3.4492	 -101.9007
 2106.207	 -3.6938	 -101.6841
 2132.427	 -3.9444	 -101.2353
 2158.973	 -4.1897	 -100.6638
 2185.849	 -4.4260	 -100.2349
 2213.060	 -4.6597	 -99.7684
 2240.610	 -4.8883	 -98.9202
 2268.503	 -5.0617	 -98.4058
 2296.743	 -5.2811	 -98.6322
 2325.334	 -5.5007	 -98.3869
 2354.282	 -5.6871	 -98.6509
 2383.590	 -5.9144	 -98.9323
 2413.262	 -6.1407	 -98.9025
 2443.305	 -6.3736	 -98.3100
 2473.721	 -6.6065	 -97.5388
 2504.515	 -6.8406	 -96.7834
 2535.693	 -7.0818	 -96.0440
 2567.260	 -7.3167	 -95.3881
 2599.219	 -7.5020	 -94.2806
 2631.576	 -7.6206	 -92.8619
 2664.335	 -7.6968	 -91.7229
 2697.503	 -7.7522	 -90.8174
 2731.084	 -7.8113	 -90.2709
 2765.082	 -7.8929	 -89.8636
 2799.504	 -7.9852	 -89.4389
 2834.354	 -8.0785	 -88.9229
 2869.638	 -8.1601	 -88.5472
 2905.362	 -8.2059	 -88.4643
 2941.530	 -8.2322	 -88.8796
 2978.148	 -8.2509	 -89.3282
 3015.222	 -8.2667	 -89.6153
 3052.758	 -8.2898	 -89.4780
 3090.761	 -8.3071	 -88.4669
 3129.237	 -8.3295	 -87.5134
 3168.192	 -8.3537	 -87.1402
 3207.632	 -8.3988	 -87.0273
 3247.563	 -8.4406	 -86.9773
 3287.991	 -8.4919	 -87.1484
 3328.923	 -8.5354	 -87.2208
 3370.364	 -8.5735	 -87.4368
 3412.320	 -8.6107	 -87.8857
 3454.799	 -8.6468	 -88.1884
 3497.807	 -8.6813	 -88.6946
 3541.351	 -8.7261	 -89.1897
 3585.436	 -8.7897	 -89.8850
 3630.070	 -8.8768	 -90.6724
 3675.260	 -8.9796	 -91.5329
 3721.012	 -9.0734	 -92.4616
 3767.334	 -9.1677	 -93.2563
 3814.233	 -9.2015	 -93.3602
 3861.715	 -9.1782	 -93.6015
 3909.789	 -9.1359	 -93.9888
 3958.460	 -9.0901	 -94.7361
 4007.738	 -9.0667	 -96.5730
 4057.630	 -9.0607	 -98.8134
 4108.142	 -9.1012	 -101.1282
 4159.283	 -9.1453	 -103.6929
 4211.061	 -9.2383	 -106.9061
 4263.483	 -9.3735	 -109.9127
 4316.559	 -9.5506	 -112.6397
 4370.294	 -9.7627	 -115.2074
 4424.699	 -10.0027	 -117.7618
 4479.781	 -10.2735	 -120.8027
 4535.548	 -10.5716	 -123.6410
 4592.010	 -10.8964	 -126.3383
 4649.175	 -11.2360	 -129.4254
 4707.051	 -11.6285	 -132.2284
 4765.648	 -12.0566	 -133.7165
 4824.975	 -12.5466	 -133.2942
 4885.039	 -13.0874	 -132.1786
 4945.852	 -13.7094	 -131.1728
 5007.421	 -14.4126	 -129.9076
 5069.757	 -15.2299	 -128.7592
 5132.870	 -16.1500	 -125.3989
 5196.768	 -17.1369	 -121.1687
 5261.460	 -18.3212	 -116.7237
 5326.959	 -19.4451	 -109.7478
 5393.273	 -20.5646	 -103.6807
 5460.413	 -21.4262	 -98.7608
 5528.388	 -22.0976	 -95.0564
 5597.209	 -22.7665	 -89.9272
 5666.887	 -23.3096	 -83.4635
 5737.433	 -23.8647	 -77.1080
 5808.857	 -24.1426	 -69.1981
 5881.169	 -24.2109	 -61.5405
 5954.383	 -23.9627	 -53.6146
 6028.507	 -23.4793	 -45.7077
 6103.555	 -22.8471	 -38.1475
 6179.536	 -22.0734	 -31.8185
 6256.464	 -21.2343	 -27.6113
 6334.349	 -20.3788	 -24.2409
 6413.204	 -19.5459	 -21.0152
 6493.040	 -18.7409	 -18.1873
 6573.870	 -18.0096	 -15.3743
 6655.706	 -17.3604	 -14.7143
 6738.562	 -16.8008	 -14.9925
 6822.448	 -16.3171	 -15.4137
 6907.379	 -15.9078	 -18.1276
 6993.367	 -15.5587	 -19.7542
 7080.426	 -15.2575	 -19.8272
 7168.568	 -14.9803	 -18.9355
 7257.808	 -14.7450	 -19.5410
 7348.158	 -14.5576	 -21.4110
 7439.633	 -14.4088	 -23.0128
 7532.248	 -14.2919	 -25.5428
 7626.015	 -14.1903	 -28.0184
 7720.949	 -14.1251	 -31.1159
 7817.065	 -14.0974	 -33.8472
 7914.377	 -14.1091	 -36.6498
 8012.901	 -14.1795	 -39.1470
 8112.652	 -14.2883	 -40.8423
 8213.645	 -14.4146	 -42.5777
 8315.894	 -14.5601	 -44.1587
 8419.416	 -14.7067	 -45.6983
 8524.228	 -14.8508	 -47.1975
 8630.343	 -14.9928	 -48.3245
 8737.780	 -15.1304	 -49.7803
 8846.555	 -15.2841	 -49.9234
 8956.683	 -15.4100	 -49.7559
 9068.182	 -15.5168	 -49.4974
 9181.069	 -15.6021	 -49.2829
 9295.362	 -15.6446	 -48.8789
 9411.078	 -15.6540	 -48.9163
 9528.233	 -15.6472	 -49.2717
 9646.849	 -15.6285	 -49.9279
 9766.939	 -15.6121	 -50.8331
 9888.525	 -15.5957	 -51.6502
10011.625	 -15.5646	 -52.3457
10136.257	 -15.5479	 -53.1250
10262.440	 -15.5496	 -53.6158
10390.195	 -15.5761	 -54.2296
10519.540	 -15.6375	 -55.0916
10650.495	 -15.7180	 -55.6595
10783.080	 -15.7817	 -56.1113
10917.316	 -15.8302	 -56.3063
11053.223	 -15.8354	 -56.2978
11190.821	 -15.8141	 -56.5588
11330.133	 -15.7825	 -56.4364
11471.179	 -15.7365	 -57.5007
11613.980	 -15.7155	 -58.9730
11758.561	 -15.7082	 -60.7539
11904.939	 -15.7185	 -62.6674
12053.141	 -15.7449	 -64.8549
12203.188	 -15.7940	 -67.1107
12355.102	 -15.8581	 -69.2274
12508.907	 -15.9270	 -71.4014
12664.627	 -16.0063	 -73.5496
12822.286	 -16.0941	 -75.5847
12981.907	 -16.1909	 -77.3770
13143.516	 -16.2865	 -79.0908
13307.136	 -16.3917	 -81.0671
13472.793	 -16.5256	 -83.1344
13640.512	 -16.6902	 -85.6900
13810.319	 -16.8993	 -88.3625
13982.240	 -17.1519	 -91.0546
14156.302	 -17.4546	 -93.4372
14332.529	 -17.8253	 -95.8250
14510.951	 -18.2658	 -97.4767
14691.595	 -18.7734	 -98.3754
14874.486	 -19.3608	 -99.0431
15059.655	 -20.0338	 -99.2574
15247.129	 -20.7717	 -98.8089
15436.937	 -21.5452	 -97.8892
15629.106	 -22.3671	 -96.5956
15823.669	 -23.1803	 -94.6424
16020.654	 -23.9701	 -92.5536
16220.091	 -24.7670	 -90.1441
16422.010	 -25.5159	 -87.5094
16626.443	 -26.2510	 -84.8647
16833.422	 -26.9756	 -82.1798
17042.977	 -27.6816	 -79.4333
17255.141	 -28.3614	 -76.4793
17469.945	 -28.9504	 -73.3898
17687.424	 -29.4802	 -69.7826
17907.609	 -29.8503	 -65.9012
18130.537	 -30.0359	 -61.8571
18356.240	 -30.1279	 -58.1420
18584.752	 -30.1326	 -54.6849
18816.107	 -30.0863	 -51.9367
19050.346	 -30.0462	 -49.8578
19287.498	 -30.0086	 -47.9747
19527.604	 -29.9870	 -46.4032
19770.697	 -29.9879	 -45.2648
20016.816	 -30.0357	 -44.3968
20266.002	 -30.0664	 -42.9241
20518.287	 -30.1094	 -41.6797
20773.715	 -30.1574	 -40.5340
21032.320	 -30.1931	 -39.2710
21294.146	 -30.2217	 -38.3565
21559.232	 -30.2337	 -39.1876
21827.617	 -30.2429	 -41.6077
22099.344	 -30.2326	 -43.2738
22374.453	 -30.2158	 -44.9556
22652.986	 -30.2112	 -46.4781
