Smoothed Frequency Response
Resolution = 1/3 octave
Numpoints = 720
SamplingRate = 48000 Hz
Minimum Phase
Frequency(Hz)   Magnitude(dB)    Phase(deg)
    3.104	 -59.1186	 -4.5144
    3.143	 -59.1194	 -4.5062
    3.182	 -59.1206	 -4.4978
    3.221	 -59.1221	 -4.4893
    3.261	 -59.1240	 -4.4808
    3.302	 -59.1262	 -4.4721
    3.343	 -59.1288	 -4.5962
    3.385	 -59.1319	 -4.8513
    3.427	 -59.1356	 -5.1036
    3.469	 -59.1401	 -5.3530
    3.513	 -59.1454	 -5.6849
    3.556	 -59.1522	 -5.7963
    3.601	 -59.1601	 -6.0351
    3.645	 -59.1693	 -6.2711
    3.691	 -59.1797	 -6.5043
    3.737	 -59.1914	 -6.7347
    3.783	 -59.2044	 -6.9621
    3.830	 -59.2188	 -7.1865
    3.878	 -59.2346	 -7.4077
    3.926	 -59.2520	 -7.6258
    3.975	 -59.2708	 -7.8406
    4.025	 -59.2912	 -8.0520
    4.075	 -59.3132	 -8.2600
    4.126	 -59.3369	 -8.4646
    4.177	 -59.3624	 -8.6655
    4.229	 -59.3896	 -8.8629
    4.282	 -59.4186	 -9.0565
    4.335	 -59.4495	 -9.2464
    4.389	 -59.4824	 -9.4326
    4.444	 -59.5173	 -9.6148
    4.499	 -59.5542	 -9.7933
    4.555	 -59.5933	 -9.9678
    4.612	 -59.6345	 -10.1383
    4.669	 -59.6781	 -10.3049
    4.727	 -59.7239	 -10.4676
    4.786	 -59.7722	 -10.6262
    4.845	 -59.8229	 -10.7809
    4.906	 -59.8761	 -10.9316
    4.967	 -59.9320	 -11.0783
    5.029	 -59.9905	 -11.2212
    5.091	 -60.0518	 -11.3601
    5.155	 -60.1159	 -11.4952
    5.219	 -60.1830	 -11.6264
    5.284	 -60.2531	 -11.7531
    5.350	 -60.3267	 -11.8747
    5.416	 -60.4038	 -11.9903
    5.484	 -60.4849	 -12.0993
    5.552	 -60.5702	 -12.2009
    5.621	 -60.6601	 -12.2942
    5.691	 -60.7550	 -12.3785
    5.762	 -60.8550	 -12.4529
    5.834	 -60.9606	 -12.5163
    5.906	 -61.0719	 -12.5678
    5.980	 -61.1894	 -12.6065
    6.054	 -61.3131	 -12.6311
    6.129	 -61.4435	 -12.6407
    6.206	 -61.5806	 -12.6340
    6.283	 -61.7247	 -12.6099
    6.361	 -61.8761	 -12.5670
    6.440	 -62.0348	 -12.5040
    6.521	 -62.2010	 -12.4196
    6.602	 -62.3747	 -12.3122
    6.684	 -62.5557	 -12.1804
    6.767	 -62.7440	 -12.0227
    6.851	 -62.9390	 -11.8381
    6.937	 -63.1404	 -11.6257
    7.023	 -63.3478	 -11.3845
    7.111	 -63.5605	 -11.1135
    7.199	 -63.7780	 -10.8117
    7.289	 -63.9998	 -10.4779
    7.379	 -64.2251	 -10.1111
    7.471	 -64.4531	 -9.7101
    7.564	 -64.6830	 -9.2738
    7.658	 -64.9140	 -8.8009
    7.754	 -65.1449	 -8.2903
    7.850	 -65.3748	 -7.7237
    7.948	 -65.6025	 -7.0909
    8.047	 -65.8271	 -6.3844
    8.147	 -66.0476	 -5.5970
    8.249	 -66.2631	 -4.7221
    8.351	 -66.4727	 -3.7535
    8.455	 -66.6757	 -2.6858
    8.560	 -66.8715	 -1.5143
    8.667	 -67.0593	 -0.2348
    8.775	 -67.2389	 1.1558
    8.884	 -67.4095	 2.6600
    8.995	 -67.5711	 4.2792
    9.107	 -67.7233	 6.0140
    9.220	 -67.8660	 7.8635
    9.335	 -67.9993	 9.8262
    9.451	 -68.1232	 11.8990
    9.569	 -68.2380	 14.0774
    9.688	 -68.3440	 16.3557
    9.808	 -68.4415	 18.7266
    9.931	 -68.5307	 21.1812
   10.054	 -68.6117	 23.7086
   10.179	 -68.6846	 26.2795
   10.306	 -68.7489	 28.8705
   10.434	 -68.8045	 31.4438
   10.564	 -68.8508	 33.9743
   10.696	 -68.8868	 36.4488
   10.829	 -68.9114	 38.8548
   10.964	 -68.9234	 41.1814
   11.100	 -68.9214	 43.4185
   11.238	 -68.9038	 45.5577
   11.378	 -68.8696	 47.5918
   11.520	 -68.8176	 49.5152
   11.663	 -68.7472	 51.3243
   11.809	 -68.6582	 53.0171
   11.956	 -68.5510	 54.5936
   12.104	 -68.4262	 56.0561
   12.255	 -68.2855	 57.4091
   12.408	 -68.1309	 58.6596
   12.562	 -67.9651	 59.8174
   12.718	 -67.7914	 60.8949
   12.877	 -67.6136	 61.9077
   13.037	 -67.4364	 62.8643
   13.199	 -67.2649	 63.7722
   13.364	 -67.1038	 64.6472
   13.530	 -66.9572	 65.5220
   13.698	 -66.8286	 66.4171
   13.869	 -66.7209	 67.3421
   14.042	 -66.6356	 68.3059
   14.216	 -66.5741	 69.3171
   14.393	 -66.5368	 70.3838
   14.573	 -66.5241	 71.5135
   14.754	 -66.5357	 72.7135
   14.938	 -66.5716	 73.9899
   15.124	 -66.6310	 75.3486
   15.312	 -66.7131	 76.7944
   15.503	 -66.8165	 78.3315
   15.696	 -66.9376	 79.9788
   15.891	 -67.0731	 81.7533
   16.089	 -67.2188	 83.6663
   16.289	 -67.3693	 85.7256
   16.492	 -67.5185	 87.9345
   16.697	 -67.6598	 90.2921
   16.905	 -67.7853	 92.8031
   17.115	 -67.8876	 95.4711
   17.328	 -67.9601	 98.2899
   17.544	 -67.9972	 101.2491
   17.763	 -67.9949	 104.3338
   17.984	 -67.9509	 107.5244
   18.208	 -67.8650	 110.7823
   18.434	 -67.7393	 114.0733
   18.664	 -67.5767	 117.3927
   18.896	 -67.3813	 120.7354
   19.131	 -67.1575	 124.0960
   19.369	 -66.9098	 127.4693
   19.611	 -66.6421	 130.8493
   19.855	 -66.3577	 134.2305
   20.102	 -66.0589	 137.6065
   20.352	 -65.7475	 140.9553
   20.605	 -65.4235	 144.2558
   20.862	 -65.0856	 147.4966
   21.122	 -64.7315	 150.6671
   21.385	 -64.3592	 153.7558
   21.651	 -63.9667	 156.7536
   21.920	 -63.5526	 159.6551
   22.193	 -63.1163	 162.4581
   22.470	 -62.6580	 165.1641
   22.749	 -62.1793	 167.7784
   23.032	 -61.6828	 170.3108
   23.319	 -61.1726	 172.7711
   23.609	 -60.6542	 175.1270
   23.903	 -60.1307	 177.3968
   24.201	 -59.6047	 179.5723
   24.502	 -59.0779	 -178.3507
   24.807	 -58.5509	 -176.3730
   25.116	 -58.0236	 -174.4911
   25.429	 -57.4956	 -172.6968
   25.745	 -56.9664	 -170.9776
   26.066	 -56.4355	 -169.3241
   26.390	 -55.9026	 -167.7271
   26.719	 -55.3673	 -166.1744
   27.051	 -54.8292	 -164.6638
   27.388	 -54.2880	 -163.1958
   27.729	 -53.7430	 -161.7715
   28.074	 -53.1935	 -160.3976
   28.424	 -52.6390	 -159.0859
   28.778	 -52.0777	 -157.8806
   29.136	 -51.5087	 -156.7897
   29.499	 -50.9310	 -155.8154
   29.866	 -50.3438	 -154.9600
   30.238	 -49.7467	 -154.2212
   30.614	 -49.1395	 -153.5360
   30.995	 -48.5222	 -152.8967
   31.381	 -47.8949	 -152.2904
   31.772	 -47.2577	 -151.7145
   32.167	 -46.6107	 -151.1720
   32.568	 -45.9540	 -150.6701
   32.973	 -45.2876	 -150.2205
   33.383	 -44.6115	 -149.8401
   33.799	 -43.9274	 -149.5679
   34.220	 -43.2391	 -149.4655
   34.646	 -42.5496	 -149.5475
   35.077	 -41.8617	 -149.8234
   35.514	 -41.1778	 -150.2971
   35.956	 -40.5001	 -150.9664
   36.403	 -39.8302	 -151.8240
   36.857	 -39.1697	 -152.8577
   37.315	 -38.5203	 -154.0221
   37.780	 -37.8834	 -155.3090
   38.250	 -37.2607	 -156.7174
   38.726	 -36.6536	 -158.2478
   39.209	 -36.0645	 -159.9255
   39.697	 -35.4953	 -161.7745
   40.191	 -34.9475	 -163.8037
   40.691	 -34.4225	 -166.0182
   41.198	 -33.9214	 -168.4042
   41.711	 -33.4454	 -170.9250
   42.230	 -32.9951	 -173.5581
   42.756	 -32.5707	 -176.2963
   43.288	 -32.1721	 -179.1373
   43.827	 -31.7990	 177.9419
   44.372	 -31.4504	 174.9872
   44.925	 -31.1256	 171.9928
   45.484	 -30.8241	 168.9549
   46.050	 -30.5457	 165.8745
   46.623	 -30.2902	 162.7604
   47.204	 -30.0591	 159.6631
   47.791	 -29.8528	 156.5913
   48.386	 -29.6712	 153.5530
   48.989	 -29.5136	 150.5580
   49.599	 -29.3784	 147.6115
   50.216	 -29.2638	 144.7216
   50.841	 -29.1675	 141.9243
   51.474	 -29.0874	 139.2542
   52.115	 -29.0212	 136.7364
   52.764	 -28.9665	 134.3875
   53.420	 -28.9213	 132.2000
   54.085	 -28.8833	 130.1350
   54.759	 -28.8505	 128.1604
   55.440	 -28.8210	 126.2631
   56.131	 -28.7931	 124.4420
   56.829	 -28.7650	 122.7094
   57.537	 -28.7348	 121.0822
   58.253	 -28.7003	 119.5766
   58.978	 -28.6594	 118.1980
   59.712	 -28.6101	 116.9368
   60.456	 -28.5510	 115.7704
   61.208	 -28.4808	 114.6433
   61.970	 -28.3996	 113.5507
   62.742	 -28.3082	 112.4928
   63.523	 -28.2077	 111.4653
   64.314	 -28.0992	 110.4636
   65.114	 -27.9842	 109.4772
   65.925	 -27.8649	 108.4923
   66.745	 -27.7430	 107.4997
   67.576	 -27.6193	 106.4952
   68.418	 -27.4937	 105.4787
   69.269	 -27.3660	 104.4482
   70.132	 -27.2368	 103.3995
   71.005	 -27.1078	 102.3320
   71.889	 -26.9803	 101.2511
   72.784	 -26.8539	 100.1750
   73.690	 -26.7267	 99.1306
   74.607	 -26.5973	 98.1112
   75.536	 -26.4657	 97.0697
   76.476	 -26.3318	 95.9627
   77.428	 -26.1956	 94.8042
   78.392	 -26.0577	 93.6490
   79.368	 -25.9187	 92.5241
   80.356	 -25.7790	 91.4087
   81.356	 -25.6392	 90.2560
   82.369	 -25.4993	 89.0525
   83.394	 -25.3593	 87.8335
   84.433	 -25.2190	 86.6383
   85.484	 -25.0780	 85.4581
   86.548	 -24.9363	 84.2448
   87.625	 -24.7937	 82.9816
   88.716	 -24.6506	 81.6821
   89.820	 -24.5073	 80.3666
   90.939	 -24.3639	 79.0180
   92.071	 -24.2211	 77.5985
   93.217	 -24.0801	 76.1222
   94.377	 -23.9461	 74.6292
   95.552	 -23.8218	 73.0884
   96.742	 -23.7059	 71.4969
   97.946	 -23.5971	 69.8939
   99.165	 -23.4944	 68.3219
  100.400	 -23.3965	 66.7756
  101.650	 -23.3029	 65.2006
  102.915	 -23.2139	 63.5519
  104.196	 -23.1298	 61.8721
  105.493	 -23.0511	 60.2245
  106.806	 -22.9784	 58.5950
  108.136	 -22.9126	 56.9275
  109.482	 -22.8540	 55.2148
  110.845	 -22.8028	 53.4959
  112.225	 -22.7593	 51.7827
  113.622	 -22.7233	 50.0606
  115.037	 -22.6952	 48.3591
  116.469	 -22.6746	 46.6671
  117.919	 -22.6588	 44.9741
  119.386	 -22.6467	 43.3336
  120.873	 -22.6388	 41.7442
  122.377	 -22.6335	 40.1443
  123.901	 -22.6323	 38.5240
  125.443	 -22.6385	 36.9195
  127.005	 -22.6531	 35.3396
  128.586	 -22.6747	 33.7566
  130.187	 -22.7037	 32.1821
  131.807	 -22.7401	 30.6437
  133.448	 -22.7822	 29.1777
  135.109	 -22.8294	 27.7537
  136.791	 -22.8813	 26.3266
  138.494	 -22.9381	 24.9302
  140.218	 -22.9994	 23.5922
  141.964	 -23.0632	 22.2908
  143.731	 -23.1306	 20.9818
  145.520	 -23.2013	 19.7126
  147.332	 -23.2742	 18.5664
  149.166	 -23.3481	 17.3812
  151.023	 -23.4239	 16.1779
  152.903	 -23.5055	 15.0297
  154.806	 -23.5892	 13.9347
  156.734	 -23.6742	 12.8847
  158.685	 -23.7601	 11.8947
  160.660	 -23.8451	 10.9892
  162.660	 -23.9275	 10.0711
  164.685	 -24.0089	 9.1368
  166.735	 -24.0913	 8.2464
  168.811	 -24.1738	 7.4133
  170.912	 -24.2560	 6.6142
  173.040	 -24.3385	 5.8630
  175.194	 -24.4211	 5.0874
  177.375	 -24.5040	 4.3451
  179.583	 -24.5856	 3.6455
  181.819	 -24.6644	 2.9652
  184.082	 -24.7427	 2.2864
  186.374	 -24.8167	 1.6257
  188.694	 -24.8862	 0.9491
  191.043	 -24.9546	 0.1926
  193.421	 -25.0220	 -0.5019
  195.829	 -25.0881	 -1.1620
  198.267	 -25.1525	 -1.7928
  200.735	 -25.2191	 -2.3899
  203.234	 -25.2847	 -3.0091
  205.764	 -25.3507	 -3.6819
  208.325	 -25.4195	 -4.3998
  210.919	 -25.4924	 -5.0617
  213.544	 -25.5667	 -5.6250
  216.203	 -25.6438	 -6.1165
  218.894	 -25.7241	 -6.5558
  221.619	 -25.8058	 -6.9848
  224.378	 -25.8919	 -7.4348
  227.171	 -25.9796	 -7.8072
  229.999	 -26.0644	 -8.1348
  232.862	 -26.1460	 -8.5021
  235.761	 -26.2243	 -8.8985
  238.696	 -26.2996	 -9.3751
  241.668	 -26.3738	 -9.7984
  244.676	 -26.4436	 -10.1463
  247.722	 -26.5081	 -10.4585
  250.806	 -26.5683	 -10.7174
  253.928	 -26.6236	 -11.0298
  257.089	 -26.6774	 -11.3315
  260.290	 -26.7270	 -11.6505
  263.530	 -26.7729	 -11.9500
  266.810	 -26.8109	 -12.1817
  270.132	 -26.8404	 -12.3823
  273.495	 -26.8644	 -12.5789
  276.899	 -26.8856	 -12.7944
  280.346	 -26.9061	 -13.0808
  283.836	 -26.9294	 -13.4688
  287.370	 -26.9582	 -13.8681
  290.947	 -26.9895	 -14.2607
  294.569	 -27.0212	 -14.7261
  298.236	 -27.0585	 -15.2749
  301.949	 -27.0985	 -15.7817
  305.708	 -27.1388	 -16.2556
  309.513	 -27.1747	 -16.6914
  313.366	 -27.2125	 -17.1456
  317.267	 -27.2536	 -17.5441
  321.217	 -27.2945	 -17.9239
  325.216	 -27.3368	 -18.3592
  329.264	 -27.3806	 -18.7516
  333.363	 -27.4227	 -19.1612
  337.513	 -27.4666	 -19.5251
  341.715	 -27.5073	 -19.9034
  345.969	 -27.5495	 -20.3565
  350.276	 -27.5960	 -20.8201
  354.636	 -27.6481	 -21.2179
  359.051	 -27.7027	 -21.5979
  363.521	 -27.7611	 -22.0066
  368.046	 -27.8224	 -22.4176
  372.628	 -27.8853	 -22.8181
  377.266	 -27.9484	 -23.1953
  381.963	 -28.0143	 -23.5403
  386.718	 -28.0748	 -23.8059
  391.532	 -28.1316	 -24.0832
  396.406	 -28.1870	 -24.3637
  401.341	 -28.2418	 -24.5633
  406.337	 -28.2885	 -24.7220
  411.395	 -28.3334	 -24.9818
  416.517	 -28.3801	 -25.2986
  421.702	 -28.4258	 -25.5845
  426.951	 -28.4694	 -25.8488
  432.266	 -28.5084	 -26.1228
  437.648	 -28.5476	 -26.5223
  443.096	 -28.5905	 -26.8882
  448.612	 -28.6321	 -27.1879
  454.196	 -28.6734	 -27.4738
  459.851	 -28.7199	 -27.8430
  465.575	 -28.7813	 -28.1096
  471.371	 -28.8392	 -28.1612
  477.239	 -28.8900	 -28.2625
  483.180	 -28.9345	 -28.4515
  489.195	 -28.9774	 -28.7030
  495.285	 -29.0164	 -28.9443
  501.450	 -29.0525	 -29.2273
  507.693	 -29.0936	 -29.5593
  514.013	 -29.1387	 -29.8460
  520.412	 -29.1903	 -30.0921
  526.890	 -29.2461	 -30.3623
  533.449	 -29.3110	 -30.5933
  540.090	 -29.3749	 -30.7153
  546.814	 -29.4366	 -30.8597
  553.621	 -29.4983	 -30.9596
  560.513	 -29.5576	 -31.0268
  567.490	 -29.6131	 -30.9720
  574.555	 -29.6633	 -30.7147
  581.707	 -29.7011	 -30.2680
  588.949	 -29.7179	 -29.8154
  596.281	 -29.7039	 -29.5406
  603.703	 -29.6634	 -29.7153
  611.219	 -29.6320	 -30.1813
  618.828	 -29.5910	 -30.5840
  626.531	 -29.5520	 -30.9993
  634.331	 -29.5149	 -31.3524
  642.228	 -29.4799	 -31.6654
  650.222	 -29.4495	 -32.0417
  658.317	 -29.4210	 -32.3240
  666.512	 -29.3903	 -32.6433
  674.809	 -29.3618	 -33.0700
  683.210	 -29.3383	 -33.4525
  691.715	 -29.3099	 -33.8601
  700.326	 -29.2820	 -34.3315
  709.044	 -29.2528	 -34.8415
  717.871	 -29.2298	 -35.4620
  726.807	 -29.2200	 -36.0857
  735.855	 -29.2277	 -36.7497
  745.016	 -29.2563	 -37.5558
  754.290	 -29.3127	 -38.6785
  763.680	 -29.3920	 -39.6989
  773.187	 -29.4838	 -40.6299
  782.812	 -29.5756	 -41.2083
  792.557	 -29.6478	 -41.6552
  802.424	 -29.7195	 -42.0374
  812.413	 -29.7758	 -42.3195
  822.526	 -29.8314	 -42.6891
  832.766	 -29.8832	 -43.0191
  843.133	 -29.9369	 -43.3406
  853.629	 -29.9839	 -43.5944
  864.255	 -30.0406	 -43.8389
  875.014	 -30.0952	 -43.8429
  885.907	 -30.1481	 -43.8146
  896.935	 -30.1926	 -43.4131
  908.101	 -30.1786	 -42.8634
  919.406	 -30.0178	 -42.7745
  930.851	 -29.7863	 -43.4805
  942.439	 -29.5399	 -44.6594
  954.171	 -29.2951	 -46.1502
  966.049	 -29.0972	 -47.9117
  978.076	 -28.9601	 -49.6089
  990.251	 -28.8854	 -51.0857
 1002.579	 -28.8568	 -52.1319
 1015.060	 -28.8561	 -53.0658
 1027.696	 -28.8689	 -53.9509
 1040.489	 -28.8757	 -54.9654
 1053.442	 -28.8689	 -56.4670
 1066.556	 -28.8701	 -58.4597
 1079.833	 -28.8923	 -60.0427
 1093.276	 -28.9253	 -61.2375
 1106.886	 -28.9854	 -62.4151
 1120.665	 -29.0761	 -63.6635
 1134.616	 -29.2255	 -65.9407
 1148.741	 -29.4612	 -67.7234
 1163.041	 -29.7722	 -69.6396
 1177.519	 -30.1677	 -71.5506
 1192.178	 -30.6622	 -72.9914
 1207.019	 -31.1154	 -73.6102
 1222.045	 -31.4599	 -73.7088
 1237.258	 -31.7089	 -73.7291
 1252.660	 -31.8549	 -74.1556
 1268.254	 -31.9887	 -74.9046
 1284.042	 -32.1339	 -75.5425
 1300.027	 -32.3314	 -76.3546
 1316.211	 -32.5922	 -77.1923
 1332.596	 -32.9106	 -75.7272
 1349.185	 -33.1857	 -73.0647
 1365.981	 -33.4092	 -71.0069
 1382.985	 -33.4095	 -69.0016
 1400.202	 -33.2851	 -68.3519
 1417.633	 -33.1217	 -68.3833
 1435.280	 -32.9379	 -68.8162
 1453.148	 -32.7673	 -69.3629
 1471.238	 -32.6096	 -69.2009
 1489.553	 -32.4621	 -69.6924
 1508.096	 -32.3659	 -70.4486
 1526.870	 -32.3084	 -71.4450
 1545.877	 -32.2808	 -72.4878
 1565.121	 -32.2546	 -73.7452
 1584.605	 -32.2427	 -75.4192
 1604.332	 -32.2388	 -76.6003
 1624.303	 -32.2324	 -77.0523
 1644.524	 -32.1902	 -77.1045
 1664.996	 -32.1697	 -77.5688
 1685.723	 -32.1953	 -78.1818
 1706.708	 -32.2800	 -78.8446
 1727.955	 -32.4313	 -82.1808
 1749.466	 -32.7188	 -86.5087
 1771.244	 -33.0624	 -89.0056
 1793.294	 -33.4976	 -91.4462
 1815.618	 -33.9344	 -92.9266
 1838.221	 -34.3372	 -93.9190
 1861.104	 -34.7185	 -94.7517
 1884.272	 -35.0823	 -95.6743
 1907.729	 -35.4430	 -96.4216
 1931.478	 -35.8021	 -96.8552
 1955.523	 -36.1657	 -97.0895
 1979.866	 -36.5094	 -97.3055
 2004.513	 -36.8368	 -97.8555
 2029.467	 -37.1515	 -98.2846
 2054.731	 -37.4067	 -98.2560
 2080.310	 -37.6385	 -98.2484
 2106.207	 -37.8818	 -98.0759
 2132.427	 -38.1312	 -97.6707
 2158.973	 -38.3752	 -97.1422
 2185.849	 -38.6104	 -96.7559
 2213.060	 -38.8428	 -96.3313
 2240.610	 -39.0703	 -95.5248
 2268.503	 -39.2426	 -95.0514
 2296.743	 -39.4609	 -95.3185
 2325.334	 -39.6795	 -95.1133
 2354.282	 -39.8648	 -95.4169
 2383.590	 -40.0911	 -95.7374
 2413.262	 -40.3164	 -95.7464
 2443.305	 -40.5484	 -95.1922
 2473.721	 -40.7803	 -94.4588
 2504.515	 -41.0134	 -93.7408
 2535.693	 -41.2538	 -93.0382
 2567.260	 -41.4878	 -92.4188
 2599.219	 -41.6722	 -91.3474
 2631.576	 -41.7900	 -89.9644
 2664.335	 -41.8654	 -88.8605
 2697.503	 -41.9200	 -87.9898
 2731.084	 -41.9784	 -87.4777
 2765.082	 -42.0592	 -87.1043
 2799.504	 -42.1508	 -86.7132
 2834.354	 -42.2434	 -86.2304
 2869.638	 -42.3242	 -85.8875
 2905.362	 -42.3694	 -85.8370
 2941.530	 -42.3949	 -86.2843
 2978.148	 -42.4130	 -86.7645
 3015.222	 -42.4282	 -87.0828
 3052.758	 -42.4507	 -86.9763
 3090.761	 -42.4673	 -85.9957
 3129.237	 -42.4892	 -85.0724
 3168.192	 -42.5128	 -84.7289
 3207.632	 -42.5573	 -84.6454
 3247.563	 -42.5986	 -84.6245
 3287.991	 -42.6493	 -84.8243
 3328.923	 -42.6923	 -84.9251
 3370.364	 -42.7299	 -85.1691
 3412.320	 -42.7666	 -85.6456
 3454.799	 -42.8022	 -85.9757
 3497.807	 -42.8362	 -86.5089
 3541.351	 -42.8806	 -87.0307
 3585.436	 -42.9438	 -87.7524
 3630.070	 -43.0303	 -88.5659
 3675.260	 -43.1327	 -89.4521
 3721.012	 -43.2261	 -90.4063
 3767.334	 -43.3200	 -91.2261
 3814.233	 -43.3535	 -91.3547
 3861.715	 -43.3298	 -91.6206
 3909.789	 -43.2870	 -92.0321
 3958.460	 -43.2408	 -92.8033
 4007.738	 -43.2171	 -94.6639
 4057.630	 -43.2108	 -96.9276
 4108.142	 -43.2509	 -99.2655
 4159.283	 -43.2947	 -101.8530
 4211.061	 -43.3873	 -105.0888
 4263.483	 -43.5222	 -108.1176
 4316.559	 -43.6990	 -110.8665
 4370.294	 -43.9108	 -113.4559
 4424.699	 -44.1505	 -116.0318
 4479.781	 -44.4210	 -119.0938
 4535.548	 -44.7188	 -121.9531
 4592.010	 -45.0434	 -124.6711
 4649.175	 -45.3827	 -127.7786
 4707.051	 -45.7749	 -130.6018
 4765.648	 -46.2028	 -132.1098
 4824.975	 -46.6925	 -131.7071
 4885.039	 -47.2331	 -130.6110
 4945.852	 -47.8548	 -129.6244
 5007.421	 -48.5578	 -128.3781
 5069.757	 -49.3748	 -127.2485
 5132.870	 -50.2948	 -123.9068
 5196.768	 -51.2814	 -119.6948
 5261.460	 -52.4655	 -115.2679
 5326.959	 -53.5893	 -108.3098
 5393.273	 -54.7086	 -102.2604
 5460.413	 -55.5699	 -97.3579
 5528.388	 -56.2411	 -93.6707
 5597.209	 -56.9098	 -88.5584
 5666.887	 -57.4527	 -82.1116
 5737.433	 -58.0077	 -75.7726
 5808.857	 -58.2854	 -67.8792
 5881.169	 -58.3535	 -60.2377
 5954.383	 -58.1052	 -52.3278
 6028.507	 -57.6217	 -44.4367
 6103.555	 -56.9892	 -36.8921
 6179.536	 -56.2154	 -30.5784
 6256.464	 -55.3762	 -26.3865
 6334.349	 -54.5205	 -23.0311
 6413.204	 -53.6874	 -19.8202
 6493.040	 -52.8823	 -17.0070
 6573.870	 -52.1509	 -14.2085
 6655.706	 -51.5016	 -13.5628
 6738.562	 -50.9419	 -13.8551
 6822.448	 -50.4580	 -14.2903
 6907.379	 -50.0486	 -17.0180
 6993.367	 -49.6994	 -18.6582
 7080.426	 -49.3981	 -18.7446
 7168.568	 -49.1207	 -17.8663
 7257.808	 -48.8853	 -18.4849
 7348.158	 -48.6979	 -20.3678
 7439.633	 -48.5489	 -21.9824
 7532.248	 -48.4319	 -24.5251
 7626.015	 -48.3302	 -27.0132
 7720.949	 -48.2649	 -30.1231
 7817.065	 -48.2371	 -32.8666
 7914.377	 -48.2487	 -35.6812
 8012.901	 -48.3190	 -38.1903
 8112.652	 -48.4278	 -39.8973
 8213.645	 -48.5540	 -41.6444
 8315.894	 -48.6993	 -43.2368
 8419.416	 -48.8459	 -44.7877
 8524.228	 -48.9899	 -46.2981
 8630.343	 -49.1318	 -47.4362
 8737.780	 -49.2694	 -48.9028
 8846.555	 -49.4230	 -49.0567
 8956.683	 -49.5489	 -48.8998
 9068.182	 -49.6556	 -48.6519
 9181.069	 -49.7408	 -48.4478
 9295.362	 -49.7832	 -48.0540
 9411.078	 -49.7926	 -48.1015
 9528.233	 -49.7857	 -48.4670
 9646.849	 -49.7670	 -49.1331
 9766.939	 -49.7505	 -50.0480
 9888.525	 -49.7340	 -50.8748
10011.625	 -49.7029	 -51.5798
10136.257	 -49.6861	 -52.3685
10262.440	 -49.6877	 -52.8686
10390.195	 -49.7142	 -53.4916
10519.540	 -49.7755	 -54.3627
10650.495	 -49.8560	 -54.9395
10783.080	 -49.9196	 -55.4001
10917.316	 -49.9681	 -55.6039
11053.223	 -49.9732	 -55.6040
11190.821	 -49.9519	 -55.8736
11330.133	 -49.9202	 -55.7596
11471.179	 -49.8741	 -56.8321
11613.980	 -49.8532	 -58.3127
11758.561	 -49.8458	 -60.1017
11904.939	 -49.8560	 -62.0232
12053.141	 -49.8824	 -64.2186
12203.188	 -49.9315	 -66.4823
12355.102	 -49.9955	 -68.6066
12508.907	 -50.0644	 -70.7883
12664.627	 -50.1437	 -72.9440
12822.286	 -50.2314	 -74.9866
12981.907	 -50.3282	 -76.7862
13143.516	 -50.4238	 -78.5073
13307.136	 -50.5290	 -80.4908
13472.793	 -50.6628	 -82.5652
13640.512	 -50.8273	 -85.1278
13810.319	 -51.0364	 -87.8071
13982.240	 -51.2890	 -90.5060
14156.302	 -51.5917	 -92.8954
14332.529	 -51.9624	 -95.2898
14510.951	 -52.4028	 -96.9482
14691.595	 -52.9104	 -97.8533
14874.486	 -53.4977	 -98.5275
15059.655	 -54.1708	 -98.7482
15247.129	 -54.9086	 -98.3058
15436.937	 -55.6821	 -97.3923
15629.106	 -56.5040	 -96.1048
15823.669	 -57.3171	 -94.1577
16020.654	 -58.1069	 -92.0748
16220.091	 -58.9038	 -89.6712
16422.010	 -59.6527	 -87.0423
16626.443	 -60.3878	 -84.4034
16833.422	 -61.1124	 -81.7241
17042.977	 -61.8183	 -78.9832
17255.141	 -62.4981	 -76.0347
17469.945	 -63.0871	 -72.9508
17687.424	 -63.6169	 -69.3489
17907.609	 -63.9869	 -65.4729
18130.537	 -64.1725	 -61.4340
18356.240	 -64.2645	 -57.7242
18584.752	 -64.2692	 -54.2722
18816.107	 -64.2228	 -51.5291
19050.346	 -64.1827	 -49.4552
19287.498	 -64.1451	 -47.5770
19527.604	 -64.1235	 -46.0105
19770.697	 -64.1244	 -44.8769
20016.816	 -64.1722	 -44.0136
20266.002	 -64.2029	 -42.5457
20518.287	 -64.2458	 -41.3059
20773.715	 -64.2938	 -40.1648
21032.320	 -64.3295	 -38.9063
21294.146	 -64.3581	 -37.9963
21559.232	 -64.3701	 -38.8319
21827.617	 -64.3793	 -41.2563
22099.344	 -64.3690	 -42.9267
22374.453	 -64.3522	 -44.6128
22652.986	 -64.3475	 -46.1396
