Smoothed Frequency Response
Resolution = 1/3 octave
Numpoints = 720
SamplingRate = 48000 Hz
Minimum Phase
Frequency(Hz)   Magnitude(dB)    Phase(deg)
    3.104	 -53.0998	 -5.1783
    3.143	 -53.1006	 -5.1783
    3.182	 -53.1018	 -5.1783
    3.221	 -53.1034	 -5.1783
    3.261	 -53.1053	 -5.1783
    3.302	 -53.1075	 -5.1783
    3.343	 -53.1102	 -5.3113
    3.385	 -53.1134	 -5.5752
    3.427	 -53.1171	 -5.8366
    3.469	 -53.1217	 -6.0951
    3.513	 -53.1271	 -6.4362
    3.556	 -53.1339	 -6.5570
    3.601	 -53.1419	 -6.8052
    3.645	 -53.1511	 -7.0508
    3.691	 -53.1615	 -7.2937
    3.737	 -53.1733	 -7.5339
    3.783	 -53.1864	 -7.7712
    3.830	 -53.2009	 -8.0057
    3.878	 -53.2168	 -8.2371
    3.926	 -53.2342	 -8.4655
    3.975	 -53.2531	 -8.6907
    4.025	 -53.2735	 -8.9128
    4.075	 -53.2956	 -9.1315
    4.126	 -53.3194	 -9.3468
    4.177	 -53.3449	 -9.5588
    4.229	 -53.3722	 -9.7672
    4.282	 -53.4013	 -9.9721
    4.335	 -53.4323	 -10.1734
    4.389	 -53.4653	 -10.3710
    4.444	 -53.5003	 -10.5650
    4.499	 -53.5373	 -10.7552
    4.555	 -53.5764	 -10.9417
    4.612	 -53.6178	 -11.1244
    4.669	 -53.6614	 -11.3032
    4.727	 -53.7074	 -11.4783
    4.786	 -53.7557	 -11.6495
    4.845	 -53.8065	 -11.8169
    4.906	 -53.8599	 -11.9805
    4.967	 -53.9158	 -12.1402
    5.029	 -53.9745	 -12.2963
    5.091	 -54.0359	 -12.4486
    5.155	 -54.1001	 -12.5972
    5.219	 -54.1673	 -12.7421
    5.284	 -54.2376	 -12.8827
    5.350	 -54.3113	 -13.0183
    5.416	 -54.3885	 -13.1481
    5.484	 -54.4697	 -13.2715
    5.552	 -54.5552	 -13.3876
    5.621	 -54.6453	 -13.4957
    5.691	 -54.7402	 -13.5950
    5.762	 -54.8404	 -13.6844
    5.834	 -54.9461	 -13.7631
    5.906	 -55.0577	 -13.8301
    5.980	 -55.1753	 -13.8845
    6.054	 -55.2992	 -13.9250
    6.129	 -55.4297	 -13.9506
    6.206	 -55.5670	 -13.9602
    6.283	 -55.7113	 -13.9526
    6.361	 -55.8628	 -13.9263
    6.440	 -56.0217	 -13.8802
    6.521	 -56.1881	 -13.8129
    6.602	 -56.3620	 -13.7228
    6.684	 -56.5432	 -13.6085
    6.767	 -56.7317	 -13.4685
    6.851	 -56.9269	 -13.3019
    6.937	 -57.1286	 -13.1077
    7.023	 -57.3361	 -12.8849
    7.111	 -57.5491	 -12.6325
    7.199	 -57.7668	 -12.3495
    7.289	 -57.9888	 -12.0348
    7.379	 -58.2143	 -11.6873
    7.471	 -58.4426	 -11.3058
    7.564	 -58.6728	 -10.8893
    7.658	 -58.9040	 -10.4365
    7.754	 -59.1352	 -9.9461
    7.850	 -59.3654	 -9.4000
    7.948	 -59.5934	 -8.7881
    8.047	 -59.8183	 -8.1026
    8.147	 -60.0390	 -7.3365
    8.249	 -60.2548	 -6.4831
    8.351	 -60.4647	 -5.5363
    8.455	 -60.6680	 -4.4908
    8.560	 -60.8641	 -3.3416
    8.667	 -61.0524	 -2.0848
    8.775	 -61.2322	 -0.7171
    8.884	 -61.4033	 0.7639
    8.995	 -61.5651	 2.3597
    9.107	 -61.7177	 4.0706
    9.220	 -61.8608	 5.8962
    9.335	 -61.9944	 7.8345
    9.451	 -62.1188	 9.8826
    9.569	 -62.2340	 12.0360
    9.688	 -62.3404	 14.2891
    9.808	 -62.4383	 16.6345
    9.931	 -62.5280	 19.0631
   10.054	 -62.6094	 21.5644
   10.179	 -62.6828	 24.1088
   10.306	 -62.7476	 26.6729
   10.434	 -62.8036	 29.2190
   10.564	 -62.8504	 31.7221
   10.696	 -62.8869	 34.1687
   10.829	 -62.9121	 36.5466
   10.964	 -62.9246	 38.8446
   11.100	 -62.9231	 41.0529
   11.238	 -62.9061	 43.1629
   11.378	 -62.8724	 45.1674
   11.520	 -62.8210	 47.0609
   11.663	 -62.7512	 48.8397
   11.809	 -62.6628	 50.5018
   11.956	 -62.5562	 52.0473
   12.104	 -62.4321	 53.4784
   12.255	 -62.2921	 54.7996
   12.408	 -62.1382	 56.0180
   12.562	 -61.9730	 57.1432
   12.718	 -61.8000	 58.1878
   12.877	 -61.6229	 59.1673
   13.037	 -61.4465	 60.0900
   13.199	 -61.2757	 60.9638
   13.364	 -61.1154	 61.8043
   13.530	 -60.9696	 62.6441
   13.698	 -60.8419	 63.5038
   13.869	 -60.7350	 64.3930
   14.042	 -60.6506	 65.3205
   14.216	 -60.5900	 66.2950
   14.393	 -60.5536	 67.3246
   14.573	 -60.5418	 68.4168
   14.754	 -60.5544	 69.5787
   14.938	 -60.5912	 70.8167
   15.124	 -60.6516	 72.1364
   15.312	 -60.7348	 73.5428
   15.503	 -60.8392	 75.0401
   15.696	 -60.9614	 76.6471
   15.891	 -61.0980	 78.3808
   16.089	 -61.2448	 80.2525
   16.289	 -61.3964	 82.2700
   16.492	 -61.5469	 84.4367
   16.697	 -61.6894	 86.7515
   16.905	 -61.8162	 89.2192
   17.115	 -61.9197	 91.8435
   17.328	 -61.9935	 94.6180
   17.544	 -62.0319	 97.5323
   17.763	 -62.0310	 100.5717
   17.984	 -61.9884	 103.7164
   18.208	 -61.9040	 106.9279
   18.434	 -61.7797	 110.1720
   18.664	 -61.6187	 113.4440
   18.896	 -61.4248	 116.7386
   19.131	 -61.2026	 120.0506
   19.369	 -60.9565	 123.3747
   19.611	 -60.6905	 126.7050
   19.855	 -60.4078	 130.0359
   20.102	 -60.1107	 133.3610
   20.352	 -59.8011	 136.6583
   20.605	 -59.4790	 139.9068
   20.862	 -59.1429	 143.0950
   21.122	 -58.7907	 146.2123
   21.385	 -58.4204	 149.2470
   21.651	 -58.0299	 152.1905
   21.920	 -57.6179	 155.0369
   22.193	 -57.1836	 157.7842
   22.470	 -56.7276	 160.4339
   22.749	 -56.2511	 162.9912
   23.032	 -55.7569	 165.4660
   23.319	 -55.2490	 167.8680
   23.609	 -54.7329	 170.1651
   23.903	 -54.2119	 172.3753
   24.201	 -53.6884	 174.4906
   24.502	 -53.1642	 176.5067
   24.807	 -52.6397	 178.4229
   25.116	 -52.1151	 -179.7574
   25.429	 -51.5899	 -178.0260
   25.745	 -51.0635	 -176.3703
   26.066	 -50.5355	 -174.7811
   26.390	 -50.0056	 -173.2491
   26.719	 -49.4733	 -171.7621
   27.051	 -48.9383	 -170.3178
   27.388	 -48.4002	 -168.9168
   27.729	 -47.8584	 -167.5604
   28.074	 -47.3123	 -166.2550
   28.424	 -46.7612	 -165.0125
   28.778	 -46.2034	 -163.8771
   29.136	 -45.6379	 -162.8569
   29.499	 -45.0638	 -161.9541
   29.866	 -44.4804	 -161.1708
   30.238	 -43.8871	 -160.5049
   30.614	 -43.2838	 -159.8934
   30.995	 -42.6705	 -159.3285
   31.381	 -42.0473	 -158.7974
   31.772	 -41.4143	 -158.2974
   32.167	 -40.7716	 -157.8316
   32.568	 -40.1193	 -157.4071
   32.973	 -39.4573	 -157.0358
   33.383	 -38.7859	 -156.7343
   33.799	 -38.1064	 -156.5419
   34.220	 -37.4230	 -156.5201
   34.646	 -36.7384	 -156.6834
   35.077	 -36.0555	 -157.0414
   35.514	 -35.3768	 -157.5979
   35.956	 -34.7043	 -158.3509
   36.403	 -34.0398	 -159.2930
   36.857	 -33.3848	 -160.4120
   37.315	 -32.7410	 -161.6624
   37.780	 -32.1099	 -163.0361
   38.250	 -31.4931	 -164.5321
   38.726	 -30.8920	 -166.1509
   39.209	 -30.3091	 -167.9178
   39.697	 -29.7462	 -169.8568
   40.191	 -29.2049	 -171.9767
   40.691	 -28.6864	 -174.2827
   41.198	 -28.1920	 -176.7611
   41.711	 -27.7229	 -179.3749
   42.230	 -27.2797	 177.8981
   42.756	 -26.8625	 175.0651
   43.288	 -26.4713	 172.1287
   43.827	 -26.1056	 169.1118
   44.372	 -25.7647	 166.0601
   44.925	 -25.4478	 162.9680
   45.484	 -25.1543	 159.8315
   46.050	 -24.8841	 156.6519
   46.623	 -24.6370	 153.4378
   47.204	 -24.4144	 150.2397
   47.791	 -24.2168	 147.0665
   48.386	 -24.0442	 143.9261
   48.989	 -23.8957	 140.8281
   49.599	 -23.7698	 137.7780
   50.216	 -23.6647	 134.7839
   50.841	 -23.5781	 131.8815
   51.474	 -23.5079	 129.1057
   52.115	 -23.4518	 126.4816
   52.764	 -23.4074	 124.0257
   53.420	 -23.3728	 121.7305
   54.085	 -23.3455	 119.5572
   54.759	 -23.3237	 117.4736
   55.440	 -23.3054	 115.4668
   56.131	 -23.2890	 113.5356
   56.829	 -23.2725	 111.6923
   57.537	 -23.2541	 109.9538
   58.253	 -23.2318	 108.3364
   58.978	 -23.2033	 106.8455
   59.712	 -23.1666	 105.4714
   60.456	 -23.1204	 104.1916
   61.208	 -23.0632	 102.9507
   61.970	 -22.9954	 101.7438
   62.742	 -22.9176	 100.5712
   63.523	 -22.8310	 99.4286
   64.314	 -22.7367	 98.3114
   65.114	 -22.6361	 97.2092
   65.925	 -22.5315	 96.1080
   66.745	 -22.4246	 94.9989
   67.576	 -22.3161	 93.8775
   68.418	 -22.2061	 92.7440
   69.269	 -22.0942	 91.5961
   70.132	 -21.9810	 90.4299
   71.005	 -21.8685	 89.2446
   71.889	 -21.7577	 88.0459
   72.784	 -21.6482	 86.8519
   73.690	 -21.5382	 85.6894
   74.607	 -21.4264	 84.5518
   75.536	 -21.3127	 83.3922
   76.476	 -21.1969	 82.1671
   77.428	 -21.0792	 80.8905
   78.392	 -20.9601	 79.6173
   79.368	 -20.8402	 78.3745
   80.356	 -20.7200	 77.1414
   81.356	 -20.5999	 75.8712
   82.369	 -20.4801	 74.5504
   83.394	 -20.3604	 73.2144
   84.433	 -20.2408	 71.9025
   85.484	 -20.1209	 70.6059
   86.548	 -20.0005	 69.2767
   87.625	 -19.8796	 67.8979
   88.716	 -19.7585	 66.4834
   89.820	 -19.6375	 65.0534
   90.939	 -19.5168	 63.5909
   92.071	 -19.3969	 62.0581
   93.217	 -19.2792	 60.4691
   94.377	 -19.1689	 58.8642
   95.552	 -19.0686	 57.2122
   96.742	 -18.9769	 55.5104
   97.946	 -18.8927	 53.7977
   99.165	 -18.8150	 52.1171
  100.400	 -18.7423	 50.4631
  101.650	 -18.6744	 48.7814
  102.915	 -18.6113	 47.0271
  104.196	 -18.5534	 45.2426
  105.493	 -18.5012	 43.4916
  106.806	 -18.4555	 41.7599
  108.136	 -18.4168	 39.9914
  109.482	 -18.3857	 38.1789
  110.845	 -18.3624	 36.3616
  112.225	 -18.3470	 34.5515
  113.622	 -18.3395	 32.7338
  115.037	 -18.3401	 30.9383
  116.469	 -18.3486	 29.1537
  117.919	 -18.3621	 27.3698
  119.386	 -18.3797	 25.6400
  120.873	 -18.4017	 23.9629
  122.377	 -18.4266	 22.2771
  123.901	 -18.4558	 20.5727
  125.443	 -18.4928	 18.8859
  127.005	 -18.5384	 17.2256
  128.586	 -18.5914	 15.5641
  130.187	 -18.6519	 13.9130
  131.807	 -18.7201	 12.3001
  133.448	 -18.7942	 10.7617
  135.109	 -18.8737	 9.2673
  136.791	 -18.9582	 7.7719
  138.494	 -19.0477	 6.3094
  140.218	 -19.1420	 4.9076
  141.964	 -19.2390	 3.5445
  143.731	 -19.3398	 2.1763
  145.520	 -19.4441	 0.8500
  147.332	 -19.5508	 -0.3507
  149.166	 -19.6587	 -1.5882
  151.023	 -19.7686	 -2.8413
  152.903	 -19.8845	 -4.0368
  154.806	 -20.0027	 -5.1766
  156.734	 -20.1224	 -6.2690
  158.685	 -20.2430	 -7.2987
  160.660	 -20.3630	 -8.2414
  162.660	 -20.4803	 -9.1941
  164.685	 -20.5969	 -10.1603
  166.735	 -20.7146	 -11.0801
  168.811	 -20.8325	 -11.9398
  170.912	 -20.9501	 -12.7630
  173.040	 -21.0681	 -13.5355
  175.194	 -21.1863	 -14.3296
  177.375	 -21.3049	 -15.0878
  179.583	 -21.4222	 -15.8005
  181.819	 -21.5368	 -16.4912
  184.082	 -21.6508	 -17.1776
  186.374	 -21.7606	 -17.8433
  188.694	 -21.8659	 -18.5220
  191.043	 -21.9702	 -19.2779
  193.421	 -22.0734	 -19.9690
  195.829	 -22.1753	 -20.6230
  198.267	 -22.2754	 -21.2449
  200.735	 -22.3778	 -21.8304
  203.234	 -22.4790	 -22.4353
  205.764	 -22.5807	 -23.0910
  208.325	 -22.6851	 -23.7891
  210.919	 -22.7934	 -24.4286
  213.544	 -22.9032	 -24.9667
  216.203	 -23.0155	 -25.4303
  218.894	 -23.1310	 -25.8391
  221.619	 -23.2478	 -26.2349
  224.378	 -23.3689	 -26.6493
  227.171	 -23.4915	 -26.9833
  229.999	 -23.6111	 -27.2700
  232.862	 -23.7272	 -27.5938
  235.761	 -23.8399	 -27.9443
  238.696	 -23.9495	 -28.3725
  241.668	 -24.0577	 -28.7449
  244.676	 -24.1614	 -29.0395
  247.722	 -24.2596	 -29.2961
  250.806	 -24.3533	 -29.4970
  253.928	 -24.4419	 -29.7490
  257.089	 -24.5289	 -29.9882
  260.290	 -24.6113	 -30.2423
  263.530	 -24.6899	 -30.4748
  266.810	 -24.7602	 -30.6373
  270.132	 -24.8220	 -30.7665
  273.495	 -24.8779	 -30.8897
  276.899	 -24.9308	 -31.0298
  280.346	 -24.9828	 -31.2387
  283.836	 -25.0372	 -31.5474
  287.370	 -25.0969	 -31.8655
  290.947	 -25.1589	 -32.1750
  294.569	 -25.2210	 -32.5554
  298.236	 -25.2883	 -33.0175
  301.949	 -25.3581	 -33.4359
  305.708	 -25.4279	 -33.8198
  309.513	 -25.4931	 -34.1639
  313.366	 -25.5598	 -34.5250
  317.267	 -25.6294	 -34.8287
  321.217	 -25.6987	 -35.1124
  325.216	 -25.7690	 -35.4500
  329.264	 -25.8405	 -35.7434
  333.363	 -25.9099	 -36.0527
  337.513	 -25.9809	 -36.3151
  341.715	 -26.0483	 -36.5906
  345.969	 -26.1169	 -36.9398
  350.276	 -26.1896	 -37.2983
  354.636	 -26.2675	 -37.5900
  359.051	 -26.3475	 -37.8628
  363.521	 -26.4311	 -38.1634
  368.046	 -26.5171	 -38.4653
  372.628	 -26.6045	 -38.7559
  377.266	 -26.6917	 -39.0224
  381.963	 -26.7814	 -39.2558
  386.718	 -26.8654	 -39.4091
  391.532	 -26.9454	 -39.5735
  396.406	 -27.0237	 -39.7404
  401.341	 -27.1009	 -39.8258
  406.337	 -27.1698	 -39.8698
  411.395	 -27.2366	 -40.0143
  416.517	 -27.3047	 -40.2154
  421.702	 -27.3717	 -40.3852
  426.951	 -27.4362	 -40.5329
  432.266	 -27.4957	 -40.6902
  437.648	 -27.5551	 -40.9725
  443.096	 -27.6180	 -41.2210
  448.612	 -27.6791	 -41.4030
  454.196	 -27.7397	 -41.5712
  459.851	 -27.8053	 -41.8225
  465.575	 -27.8853	 -41.9711
  471.371	 -27.9615	 -41.9045
  477.239	 -28.0304	 -41.8877
  483.180	 -28.0926	 -41.9586
  489.195	 -28.1529	 -42.0919
  495.285	 -28.2091	 -42.2152
  501.450	 -28.2620	 -42.3802
  507.693	 -28.3197	 -42.5945
  514.013	 -28.3810	 -42.7636
  520.412	 -28.4485	 -42.8922
  526.890	 -28.5201	 -43.0452
  533.449	 -28.6004	 -43.1592
  540.090	 -28.6794	 -43.1645
  546.814	 -28.7560	 -43.1924
  553.621	 -28.8322	 -43.1763
  560.513	 -28.9058	 -43.1278
  567.490	 -28.9753	 -42.9576
  574.555	 -29.0393	 -42.5854
  581.707	 -29.0906	 -42.0241
  588.949	 -29.1207	 -41.4575
  596.281	 -29.1196	 -41.0691
  603.703	 -29.0919	 -41.1307
  611.219	 -29.0731	 -41.4840
  618.828	 -29.0443	 -41.7746
  626.531	 -29.0174	 -42.0783
  634.331	 -28.9920	 -42.3204
  642.228	 -28.9686	 -42.5230
  650.222	 -28.9495	 -42.7894
  658.317	 -28.9321	 -42.9624
  666.512	 -28.9123	 -43.1731
  674.809	 -28.8944	 -43.4918
  683.210	 -28.8814	 -43.7669
  691.715	 -28.8631	 -44.0678
  700.326	 -28.8454	 -44.4331
  709.044	 -28.8259	 -44.8377
  717.871	 -28.8126	 -45.3535
  726.807	 -28.8122	 -45.8732
  735.855	 -28.8291	 -46.4339
  745.016	 -28.8667	 -47.1374
  754.290	 -28.9319	 -48.1583
  763.680	 -29.0199	 -49.0775
  773.187	 -29.1202	 -49.9081
  782.812	 -29.2202	 -50.3869
  792.557	 -29.3006	 -50.7348
  802.424	 -29.3802	 -51.0189
  812.413	 -29.4443	 -51.2036
  822.526	 -29.5075	 -51.4766
  832.766	 -29.5668	 -51.7107
  843.133	 -29.6277	 -51.9371
  853.629	 -29.6819	 -52.0966
  864.255	 -29.7455	 -52.2476
  875.014	 -29.8069	 -52.1588
  885.907	 -29.8665	 -52.0385
  896.935	 -29.9175	 -51.5458
  908.101	 -29.9099	 -50.9057
  919.406	 -29.7553	 -50.7272
  930.851	 -29.5299	 -51.3444
  942.439	 -29.2895	 -52.4352
  954.171	 -29.0506	 -53.8387
  966.049	 -28.8583	 -55.5138
  978.076	 -28.7268	 -57.1253
  990.251	 -28.6576	 -58.5172
 1002.579	 -28.6343	 -59.4793
 1015.060	 -28.6388	 -60.3298
 1027.696	 -28.6567	 -61.1324
 1040.489	 -28.6686	 -62.0652
 1053.442	 -28.6666	 -63.4858
 1066.556	 -28.6726	 -65.3983
 1079.833	 -28.6993	 -66.9019
 1093.276	 -28.7370	 -68.0180
 1106.886	 -28.8015	 -69.1178
 1120.665	 -28.8965	 -70.2890
 1134.616	 -29.0501	 -72.4898
 1148.741	 -29.2900	 -74.1970
 1163.041	 -29.6051	 -76.0384
 1177.519	 -30.0046	 -77.8752
 1192.178	 -30.5029	 -79.2427
 1207.019	 -30.9599	 -79.7890
 1222.045	 -31.3080	 -79.8157
 1237.258	 -31.5606	 -79.7649
 1252.660	 -31.7101	 -80.1210
 1268.254	 -31.8475	 -80.8004
 1284.042	 -31.9960	 -81.3694
 1300.027	 -32.1968	 -82.1133
 1316.211	 -32.4607	 -82.8836
 1332.596	 -32.7823	 -81.3517
 1349.185	 -33.0605	 -78.6231
 1365.981	 -33.2870	 -76.5000
 1382.985	 -33.2902	 -74.4301
 1400.202	 -33.1687	 -73.7164
 1417.633	 -33.0080	 -73.6846
 1435.280	 -32.8269	 -74.0549
 1453.148	 -32.6590	 -74.5396
 1471.238	 -32.5039	 -74.3164
 1489.553	 -32.3590	 -74.7474
 1508.096	 -32.2652	 -75.4436
 1526.870	 -32.2101	 -76.3808
 1545.877	 -32.1848	 -77.3650
 1565.121	 -32.1609	 -78.5644
 1584.605	 -32.1513	 -80.1811
 1604.332	 -32.1496	 -81.3055
 1624.303	 -32.1454	 -81.7015
 1644.524	 -32.1052	 -81.6983
 1664.996	 -32.0868	 -82.1078
 1685.723	 -32.1143	 -82.6666
 1706.708	 -32.2010	 -83.2758
 1727.955	 -32.3542	 -86.5590
 1749.466	 -32.6436	 -90.8346
 1771.244	 -32.9890	 -93.2797
 1793.294	 -33.4260	 -95.6691
 1815.618	 -33.8645	 -97.0989
 1838.221	 -34.2690	 -98.0412
 1861.104	 -34.6519	 -98.8244
 1884.272	 -35.0174	 -99.6982
 1907.729	 -35.3796	 -100.3971
 1931.478	 -35.7403	 -100.7829
 1955.523	 -36.1053	 -100.9700
 1979.866	 -36.4505	 -101.1392
 2004.513	 -36.7793	 -101.6431
 2029.467	 -37.0954	 -102.0266
 2054.731	 -37.3519	 -101.9528
 2080.310	 -37.5851	 -101.9007
 2106.207	 -37.8297	 -101.6841
 2132.427	 -38.0803	 -101.2353
 2158.973	 -38.3256	 -100.6638
 2185.849	 -38.5619	 -100.2349
 2213.060	 -38.7956	 -99.7683
 2240.610	 -39.0242	 -98.9202
 2268.503	 -39.1977	 -98.4058
 2296.743	 -39.4170	 -98.6322
 2325.334	 -39.6367	 -98.3869
 2354.282	 -39.8230	 -98.6509
 2383.590	 -40.0503	 -98.9323
 2413.262	 -40.2766	 -98.9025
 2443.305	 -40.5095	 -98.3100
 2473.721	 -40.7424	 -97.5388
 2504.515	 -40.9765	 -96.7834
 2535.693	 -41.2177	 -96.0440
 2567.260	 -41.4526	 -95.3881
 2599.219	 -41.6379	 -94.2805
 2631.576	 -41.7565	 -92.8619
 2664.335	 -41.8327	 -91.7229
 2697.503	 -41.8881	 -90.8174
 2731.084	 -41.9472	 -90.2708
 2765.082	 -42.0288	 -89.8636
 2799.504	 -42.1211	 -89.4389
 2834.354	 -42.2144	 -88.9229
 2869.638	 -42.2960	 -88.5472
 2905.362	 -42.3419	 -88.4643
 2941.530	 -42.3681	 -88.8796
 2978.148	 -42.3868	 -89.3282
 3015.222	 -42.4026	 -89.6153
 3052.758	 -42.4257	 -89.4780
 3090.761	 -42.4430	 -88.4669
 3129.237	 -42.4654	 -87.5134
 3168.192	 -42.4896	 -87.1402
 3207.632	 -42.5347	 -87.0273
 3247.563	 -42.5765	 -86.9773
 3287.991	 -42.6278	 -87.1484
 3328.923	 -42.6713	 -87.2208
 3370.364	 -42.7094	 -87.4368
 3412.320	 -42.7466	 -87.8856
 3454.799	 -42.7827	 -88.1884
 3497.807	 -42.8172	 -88.6946
 3541.351	 -42.8621	 -89.1897
 3585.436	 -42.9257	 -89.8850
 3630.070	 -43.0127	 -90.6724
 3675.260	 -43.1155	 -91.5329
 3721.012	 -43.2093	 -92.4616
 3767.334	 -43.3036	 -93.2563
 3814.233	 -43.3374	 -93.3602
 3861.715	 -43.3141	 -93.6015
 3909.789	 -43.2718	 -93.9888
 3958.460	 -43.2260	 -94.7361
 4007.738	 -43.2026	 -96.5730
 4057.630	 -43.1966	 -98.8134
 4108.142	 -43.2371	 -101.1282
 4159.283	 -43.2812	 -103.6929
 4211.061	 -43.3742	 -106.9062
 4263.483	 -43.5094	 -109.9127
 4316.559	 -43.6865	 -112.6397
 4370.294	 -43.8986	 -115.2074
 4424.699	 -44.1386	 -117.7618
 4479.781	 -44.4094	 -120.8027
 4535.548	 -44.7075	 -123.6410
 4592.010	 -45.0323	 -126.3384
 4649.175	 -45.3719	 -129.4254
 4707.051	 -45.7644	 -132.2284
 4765.648	 -46.1925	 -133.7165
 4824.975	 -46.6825	 -133.2942
 4885.039	 -47.2233	 -132.1786
 4945.852	 -47.8453	 -131.1728
 5007.421	 -48.5485	 -129.9075
 5069.757	 -49.3658	 -128.7592
 5132.870	 -50.2859	 -125.3989
 5196.768	 -51.2728	 -121.1687
 5261.460	 -52.4571	 -116.7237
 5326.959	 -53.5810	 -109.7477
 5393.273	 -54.7005	 -103.6807
 5460.413	 -55.5621	 -98.7608
 5528.388	 -56.2335	 -95.0564
 5597.209	 -56.9024	 -89.9271
 5666.887	 -57.4455	 -83.4635
 5737.433	 -58.0006	 -77.1080
 5808.857	 -58.2785	 -69.1981
 5881.169	 -58.3468	 -61.5405
 5954.383	 -58.0986	 -53.6146
 6028.507	 -57.6152	 -45.7077
 6103.555	 -56.9830	 -38.1475
 6179.536	 -56.2093	 -31.8184
 6256.464	 -55.3702	 -27.6113
 6334.349	 -54.5147	 -24.2409
 6413.204	 -53.6818	 -21.0152
 6493.040	 -52.8768	 -18.1873
 6573.870	 -52.1455	 -15.3742
 6655.706	 -51.4963	 -14.7143
 6738.562	 -50.9367	 -14.9924
 6822.448	 -50.4530	 -15.4137
 6907.379	 -50.0437	 -18.1276
 6993.367	 -49.6947	 -19.7542
 7080.426	 -49.3934	 -19.8272
 7168.568	 -49.1162	 -18.9355
 7257.808	 -48.8809	 -19.5410
 7348.158	 -48.6935	 -21.4110
 7439.633	 -48.5447	 -23.0128
 7532.248	 -48.4278	 -25.5428
 7626.015	 -48.3262	 -28.0184
 7720.949	 -48.2610	 -31.1159
 7817.065	 -48.2333	 -33.8472
 7914.377	 -48.2450	 -36.6498
 8012.901	 -48.3154	 -39.1470
 8112.652	 -48.4242	 -40.8423
 8213.645	 -48.5505	 -42.5777
 8315.894	 -48.6960	 -44.1587
 8419.416	 -48.8426	 -45.6983
 8524.228	 -48.9867	 -47.1975
 8630.343	 -49.1287	 -48.3245
 8737.780	 -49.2663	 -49.7803
 8846.555	 -49.4200	 -49.9234
 8956.683	 -49.5459	 -49.7559
 9068.182	 -49.6527	 -49.4974
 9181.069	 -49.7380	 -49.2829
 9295.362	 -49.7805	 -48.8789
 9411.078	 -49.7899	 -48.9162
 9528.233	 -49.7831	 -49.2717
 9646.849	 -49.7645	 -49.9279
 9766.939	 -49.7480	 -50.8331
 9888.525	 -49.7316	 -51.6502
10011.625	 -49.7006	 -52.3457
10136.257	 -49.6838	 -53.1250
10262.440	 -49.6855	 -53.6158
10390.195	 -49.7120	 -54.2296
10519.540	 -49.7734	 -55.0916
10650.495	 -49.8539	 -55.6595
10783.080	 -49.9176	 -56.1113
10917.316	 -49.9661	 -56.3063
11053.223	 -49.9713	 -56.2978
11190.821	 -49.9500	 -56.5588
11330.133	 -49.9184	 -56.4364
11471.179	 -49.8724	 -57.5007
11613.980	 -49.8514	 -58.9730
11758.561	 -49.8441	 -60.7539
11904.939	 -49.8544	 -62.6674
12053.141	 -49.8808	 -64.8549
12203.188	 -49.9299	 -67.1107
12355.102	 -49.9940	 -69.2274
12508.907	 -50.0629	 -71.4014
12664.627	 -50.1422	 -73.5496
12822.286	 -50.2300	 -75.5847
12981.907	 -50.3268	 -77.3770
13143.516	 -50.4224	 -79.0908
13307.136	 -50.5276	 -81.0671
13472.793	 -50.6615	 -83.1344
13640.512	 -50.8261	 -85.6900
13810.319	 -51.0352	 -88.3625
13982.240	 -51.2878	 -91.0545
14156.302	 -51.5905	 -93.4372
14332.529	 -51.9612	 -95.8249
14510.951	 -52.4017	 -97.4767
14691.595	 -52.9093	 -98.3754
14874.486	 -53.4967	 -99.0431
15059.655	 -54.1697	 -99.2575
15247.129	 -54.9076	 -98.8089
15436.937	 -55.6812	 -97.8892
15629.106	 -56.5030	 -96.5956
15823.669	 -57.3162	 -94.6424
16020.654	 -58.1060	 -92.5536
16220.091	 -58.9029	 -90.1441
16422.010	 -59.6518	 -87.5094
16626.443	 -60.3869	 -84.8647
16833.422	 -61.1115	 -82.1798
17042.977	 -61.8175	 -79.4333
17255.141	 -62.4973	 -76.4793
17469.945	 -63.0863	 -73.3898
17687.424	 -63.6161	 -69.7826
17907.609	 -63.9862	 -65.9012
18130.537	 -64.1718	 -61.8571
18356.240	 -64.2638	 -58.1421
18584.752	 -64.2685	 -54.6850
18816.107	 -64.2222	 -51.9368
19050.346	 -64.1821	 -49.8578
19287.498	 -64.1445	 -47.9747
19527.604	 -64.1229	 -46.4033
19770.697	 -64.1238	 -45.2649
20016.816	 -64.1716	 -44.3968
20266.002	 -64.2023	 -42.9242
20518.287	 -64.2453	 -41.6798
20773.715	 -64.2933	 -40.5340
21032.320	 -64.3290	 -39.2710
21294.146	 -64.3576	 -38.3565
21559.232	 -64.3696	 -39.1877
21827.617	 -64.3788	 -41.6077
22099.344	 -64.3685	 -43.2738
22374.453	 -64.3517	 -44.9557
22652.986	 -64.3471	 -46.4782
