Smoothed Frequency Response
Resolution = 1/3 octave
Numpoints = 720
SamplingRate = 48000 Hz
Minimum Phase
Frequency(Hz)   Magnitude(dB)    Phase(deg)
    3.104	 -36.7847	 3.0380
    3.143	 -36.7844	 3.0380
    3.182	 -36.7841	 3.0380
    3.221	 -36.7838	 3.0380
    3.261	 -36.7835	 3.0380
    3.302	 -36.7832	 3.0380
    3.343	 -36.7828	 3.0577
    3.385	 -36.7824	 3.0976
    3.427	 -36.7820	 3.1381
    3.469	 -36.7815	 3.1793
    3.513	 -36.7809	 3.2505
    3.556	 -36.7802	 3.2726
    3.601	 -36.7795	 3.3157
    3.645	 -36.7788	 3.3592
    3.691	 -36.7780	 3.4033
    3.737	 -36.7773	 3.4478
    3.783	 -36.7765	 3.4929
    3.830	 -36.7757	 3.5384
    3.878	 -36.7749	 3.5845
    3.926	 -36.7740	 3.6312
    3.975	 -36.7732	 3.6783
    4.025	 -36.7723	 3.7260
    4.075	 -36.7714	 3.7742
    4.126	 -36.7705	 3.8230
    4.177	 -36.7695	 3.8723
    4.229	 -36.7685	 3.9222
    4.282	 -36.7675	 3.9726
    4.335	 -36.7665	 4.0235
    4.389	 -36.7655	 4.0751
    4.444	 -36.7644	 4.1271
    4.499	 -36.7633	 4.1798
    4.555	 -36.7622	 4.2330
    4.612	 -36.7610	 4.2868
    4.669	 -36.7598	 4.3411
    4.727	 -36.7586	 4.3960
    4.786	 -36.7574	 4.4515
    4.845	 -36.7561	 4.5076
    4.906	 -36.7548	 4.5642
    4.967	 -36.7535	 4.6214
    5.029	 -36.7521	 4.6792
    5.091	 -36.7507	 4.7376
    5.155	 -36.7493	 4.7966
    5.219	 -36.7478	 4.8561
    5.284	 -36.7463	 4.9163
    5.350	 -36.7447	 4.9770
    5.416	 -36.7431	 5.0383
    5.484	 -36.7415	 5.1003
    5.552	 -36.7398	 5.1629
    5.621	 -36.7381	 5.2262
    5.691	 -36.7364	 5.2901
    5.762	 -36.7346	 5.3547
    5.834	 -36.7327	 5.4199
    5.906	 -36.7308	 5.4859
    5.980	 -36.7289	 5.5525
    6.054	 -36.7269	 5.6199
    6.129	 -36.7249	 5.6880
    6.206	 -36.7228	 5.7568
    6.283	 -36.7207	 5.8264
    6.361	 -36.7185	 5.8968
    6.440	 -36.7163	 5.9680
    6.521	 -36.7140	 6.0400
    6.602	 -36.7116	 6.1128
    6.684	 -36.7092	 6.1864
    6.767	 -36.7068	 6.2610
    6.851	 -36.7043	 6.3363
    6.937	 -36.7017	 6.4126
    7.023	 -36.6990	 6.4897
    7.111	 -36.6963	 6.5678
    7.199	 -36.6936	 6.6467
    7.289	 -36.6907	 6.7266
    7.379	 -36.6878	 6.8074
    7.471	 -36.6848	 6.8891
    7.564	 -36.6818	 6.9718
    7.658	 -36.6786	 7.0554
    7.754	 -36.6754	 7.1400
    7.850	 -36.6722	 7.2256
    7.948	 -36.6688	 7.3123
    8.047	 -36.6654	 7.4000
    8.147	 -36.6618	 7.4887
    8.249	 -36.6582	 7.5785
    8.351	 -36.6545	 7.6694
    8.455	 -36.6507	 7.7614
    8.560	 -36.6469	 7.8545
    8.667	 -36.6429	 7.9487
    8.775	 -36.6388	 8.0440
    8.884	 -36.6347	 8.1404
    8.995	 -36.6304	 8.2380
    9.107	 -36.6260	 8.3368
    9.220	 -36.6216	 8.4367
    9.335	 -36.6170	 8.5378
    9.451	 -36.6123	 8.6401
    9.569	 -36.6075	 8.7436
    9.688	 -36.6026	 8.8483
    9.808	 -36.5975	 8.9543
    9.931	 -36.5924	 9.0614
   10.054	 -36.5871	 9.1699
   10.179	 -36.5817	 9.2796
   10.306	 -36.5762	 9.3905
   10.434	 -36.5705	 9.5026
   10.564	 -36.5648	 9.6157
   10.696	 -36.5588	 9.7300
   10.829	 -36.5528	 9.8453
   10.964	 -36.5466	 9.9618
   11.100	 -36.5402	 10.0793
   11.238	 -36.5337	 10.1980
   11.378	 -36.5271	 10.3178
   11.520	 -36.5203	 10.4387
   11.663	 -36.5133	 10.5607
   11.809	 -36.5062	 10.6838
   11.956	 -36.4989	 10.8080
   12.104	 -36.4914	 10.9333
   12.255	 -36.4838	 11.0597
   12.408	 -36.4760	 11.1873
   12.562	 -36.4680	 11.3159
   12.718	 -36.4598	 11.4457
   12.877	 -36.4514	 11.5765
   13.037	 -36.4429	 11.7085
   13.199	 -36.4341	 11.8416
   13.364	 -36.4252	 11.9760
   13.530	 -36.4160	 12.1115
   13.698	 -36.4067	 12.2484
   13.869	 -36.3971	 12.3866
   14.042	 -36.3873	 12.5262
   14.216	 -36.3773	 12.6671
   14.393	 -36.3671	 12.8093
   14.573	 -36.3566	 12.9528
   14.754	 -36.3459	 13.0977
   14.938	 -36.3350	 13.2439
   15.124	 -36.3238	 13.3915
   15.312	 -36.3124	 13.5404
   15.503	 -36.3007	 13.6907
   15.696	 -36.2888	 13.8422
   15.891	 -36.2766	 13.9949
   16.089	 -36.2641	 14.1488
   16.289	 -36.2514	 14.3040
   16.492	 -36.2384	 14.4603
   16.697	 -36.2251	 14.6178
   16.905	 -36.2115	 14.7765
   17.115	 -36.1976	 14.9362
   17.328	 -36.1834	 15.0970
   17.544	 -36.1690	 15.2589
   17.763	 -36.1542	 15.4218
   17.984	 -36.1391	 15.5858
   18.208	 -36.1237	 15.7508
   18.434	 -36.1080	 15.9169
   18.664	 -36.0919	 16.0841
   18.896	 -36.0755	 16.2523
   19.131	 -36.0587	 16.4216
   19.369	 -36.0416	 16.5918
   19.611	 -36.0242	 16.7631
   19.855	 -36.0064	 16.9354
   20.102	 -35.9882	 17.1086
   20.352	 -35.9697	 17.2828
   20.605	 -35.9508	 17.4580
   20.862	 -35.9315	 17.6343
   21.122	 -35.9118	 17.8114
   21.385	 -35.8918	 17.9893
   21.651	 -35.8713	 18.1681
   21.920	 -35.8504	 18.3477
   22.193	 -35.8292	 18.5280
   22.470	 -35.8075	 18.7091
   22.749	 -35.7854	 18.8909
   23.032	 -35.7628	 19.0734
   23.319	 -35.7399	 19.2565
   23.609	 -35.7165	 19.4403
   23.903	 -35.6926	 19.6247
   24.201	 -35.6683	 19.8097
   24.502	 -35.6436	 19.9951
   24.807	 -35.6184	 20.1810
   25.116	 -35.5927	 20.3673
   25.429	 -35.5666	 20.5540
   25.745	 -35.5399	 20.7411
   26.066	 -35.5128	 20.9284
   26.390	 -35.4853	 21.1158
   26.719	 -35.4572	 21.3033
   27.051	 -35.4286	 21.4910
   27.388	 -35.3995	 21.6787
   27.729	 -35.3700	 21.8665
   28.074	 -35.3399	 22.0543
   28.424	 -35.3093	 22.2421
   28.778	 -35.2782	 22.4298
   29.136	 -35.2465	 22.6175
   29.499	 -35.2143	 22.8050
   29.866	 -35.1816	 22.9924
   30.238	 -35.1484	 23.1795
   30.614	 -35.1146	 23.3662
   30.995	 -35.0803	 23.5525
   31.381	 -35.0454	 23.7382
   31.772	 -35.0100	 23.9233
   32.167	 -34.9740	 24.1076
   32.568	 -34.9375	 24.2911
   32.973	 -34.9004	 24.4737
   33.383	 -34.8628	 24.6554
   33.799	 -34.8246	 24.8362
   34.220	 -34.7858	 25.0161
   34.646	 -34.7465	 25.1950
   35.077	 -34.7065	 25.3729
   35.514	 -34.6660	 25.5497
   35.956	 -34.6250	 25.7254
   36.403	 -34.5833	 25.8997
   36.857	 -34.5411	 26.0727
   37.315	 -34.4983	 26.2440
   37.780	 -34.4550	 26.4138
   38.250	 -34.4110	 26.5817
   38.726	 -34.3665	 26.7479
   39.209	 -34.3214	 26.9123
   39.697	 -34.2757	 27.0747
   40.191	 -34.2295	 27.2352
   40.691	 -34.1827	 27.3937
   41.198	 -34.1353	 27.5503
   41.711	 -34.0873	 27.7046
   42.230	 -34.0387	 27.8566
   42.756	 -33.9896	 28.0063
   43.288	 -33.9399	 28.1536
   43.827	 -33.8897	 28.2982
   44.372	 -33.8389	 28.4402
   44.925	 -33.7875	 28.5796
   45.484	 -33.7356	 28.7161
   46.050	 -33.6831	 28.8497
   46.623	 -33.6301	 28.9804
   47.204	 -33.5765	 29.1079
   47.791	 -33.5224	 29.2324
   48.386	 -33.4677	 29.3536
   48.989	 -33.4125	 29.4715
   49.599	 -33.3568	 29.5861
   50.216	 -33.3006	 29.6974
   50.841	 -33.2438	 29.8051
   51.474	 -33.1866	 29.9092
   52.115	 -33.1288	 30.0095
   52.764	 -33.0706	 30.1058
   53.420	 -33.0118	 30.1982
   54.085	 -32.9526	 30.2866
   54.759	 -32.8929	 30.3710
   55.440	 -32.8327	 30.4514
   56.131	 -32.7721	 30.5276
   56.829	 -32.7110	 30.5995
   57.537	 -32.6495	 30.6671
   58.253	 -32.5875	 30.7301
   58.978	 -32.5251	 30.7884
   59.712	 -32.4623	 30.8420
   60.456	 -32.3991	 30.8909
   61.208	 -32.3355	 30.9351
   61.970	 -32.2715	 30.9745
   62.742	 -32.2071	 31.0090
   63.523	 -32.1424	 31.0385
   64.314	 -32.0773	 31.0627
   65.114	 -32.0118	 31.0818
   65.925	 -31.9460	 31.0955
   66.745	 -31.8799	 31.1040
   67.576	 -31.8135	 31.1070
   68.418	 -31.7468	 31.1045
   69.269	 -31.6798	 31.0965
   70.132	 -31.6125	 31.0828
   71.005	 -31.5449	 31.0635
   71.889	 -31.4771	 31.0384
   72.784	 -31.4091	 31.0074
   73.690	 -31.3408	 30.9703
   74.607	 -31.2723	 30.9273
   75.536	 -31.2036	 30.8782
   76.476	 -31.1348	 30.8231
   77.428	 -31.0657	 30.7619
   78.392	 -30.9965	 30.6943
   79.368	 -30.9272	 30.6203
   80.356	 -30.8577	 30.5398
   81.356	 -30.7882	 30.4529
   82.369	 -30.7185	 30.3595
   83.394	 -30.6487	 30.2596
   84.433	 -30.5789	 30.1530
   85.484	 -30.5091	 30.0396
   86.548	 -30.4392	 29.9194
   87.625	 -30.3692	 29.7924
   88.716	 -30.2993	 29.6585
   89.820	 -30.2294	 29.5176
   90.939	 -30.1596	 29.3697
   92.071	 -30.0897	 29.2148
   93.217	 -30.0200	 29.0527
   94.377	 -29.9503	 28.8833
   95.552	 -29.8808	 28.7067
   96.742	 -29.8114	 28.5229
   97.946	 -29.7421	 28.3317
   99.165	 -29.6730	 28.1331
  100.400	 -29.6041	 27.9269
  101.650	 -29.5353	 27.7133
  102.915	 -29.4668	 27.4922
  104.196	 -29.3986	 27.2635
  105.493	 -29.3306	 27.0270
  106.806	 -29.2629	 26.7828
  108.136	 -29.1955	 26.5310
  109.482	 -29.1284	 26.2713
  110.845	 -29.0617	 26.0038
  112.225	 -28.9953	 25.7284
  113.622	 -28.9294	 25.4451
  115.037	 -28.8639	 25.1538
  116.469	 -28.7988	 24.8545
  117.919	 -28.7342	 24.5472
  119.386	 -28.6701	 24.2319
  120.873	 -28.6065	 23.9083
  122.377	 -28.5435	 23.5766
  123.901	 -28.4811	 23.2369
  125.443	 -28.4192	 22.8889
  127.005	 -28.3580	 22.5326
  128.586	 -28.2974	 22.1681
  130.187	 -28.2375	 21.7953
  131.807	 -28.1784	 21.4142
  133.448	 -28.1199	 21.0248
  135.109	 -28.0623	 20.6270
  136.791	 -28.0055	 20.2209
  138.494	 -27.9495	 19.8065
  140.218	 -27.8943	 19.3836
  141.964	 -27.8401	 18.9524
  143.731	 -27.7868	 18.5128
  145.520	 -27.7345	 18.0649
  147.332	 -27.6832	 17.6084
  149.166	 -27.6330	 17.1437
  151.023	 -27.5838	 16.6706
  152.903	 -27.5358	 16.1892
  154.806	 -27.4889	 15.6994
  156.734	 -27.4432	 15.2014
  158.685	 -27.3987	 14.6950
  160.660	 -27.3556	 14.1805
  162.660	 -27.3138	 13.6577
  164.685	 -27.2733	 13.1269
  166.735	 -27.2342	 12.5880
  168.811	 -27.1967	 12.0410
  170.912	 -27.1606	 11.4861
  173.040	 -27.1261	 10.9233
  175.194	 -27.0931	 10.3528
  177.375	 -27.0619	 9.7746
  179.583	 -27.0323	 9.1888
  181.819	 -27.0046	 8.5955
  184.082	 -26.9786	 7.9949
  186.374	 -26.9545	 7.3871
  188.694	 -26.9323	 6.7722
  191.043	 -26.9121	 6.1506
  193.421	 -26.8940	 5.5222
  195.829	 -26.8780	 4.8874
  198.267	 -26.8642	 4.2463
  200.735	 -26.8526	 3.5991
  203.234	 -26.8433	 2.9462
  205.764	 -26.8363	 2.2879
  208.325	 -26.8318	 1.6243
  210.919	 -26.8299	 0.9559
  213.544	 -26.8305	 0.2830
  216.203	 -26.8338	 -0.3940
  218.894	 -26.8398	 -1.0747
  221.619	 -26.8486	 -1.7588
  224.378	 -26.8602	 -2.4455
  227.171	 -26.8749	 -3.1345
  229.999	 -26.8926	 -3.8252
  232.862	 -26.9134	 -4.5170
  235.761	 -26.9375	 -5.2092
  238.696	 -26.9648	 -5.9011
  241.668	 -26.9955	 -6.5920
  244.676	 -27.0296	 -7.2809
  247.722	 -27.0673	 -7.9672
  250.806	 -27.1086	 -8.6497
  253.928	 -27.1536	 -9.3274
  257.089	 -27.2024	 -9.9993
  260.290	 -27.2550	 -10.6642
  263.530	 -27.3116	 -11.3207
  266.810	 -27.3722	 -11.9675
  270.132	 -27.4369	 -12.6031
  273.495	 -27.5056	 -13.2259
  276.899	 -27.5786	 -13.8342
  280.346	 -27.6558	 -14.4262
  283.836	 -27.7373	 -15.0000
  287.370	 -27.8231	 -15.5534
  290.947	 -27.9132	 -16.0842
  294.569	 -28.0076	 -16.5901
  298.236	 -28.1062	 -17.0687
  301.949	 -28.2091	 -17.5173
  305.708	 -28.3161	 -17.9331
  309.513	 -28.4271	 -18.3134
  313.366	 -28.5421	 -18.6553
  317.267	 -28.6608	 -18.9557
  321.217	 -28.7829	 -19.2115
  325.216	 -28.9083	 -19.4198
  329.264	 -29.0365	 -19.5776
  333.363	 -29.1672	 -19.6819
  337.513	 -29.2999	 -19.7301
  341.715	 -29.4341	 -19.7196
  345.969	 -29.5691	 -19.6485
  350.276	 -29.7043	 -19.5149
  354.636	 -29.8387	 -19.3178
  359.051	 -29.9716	 -19.0564
  363.521	 -30.1018	 -18.7311
  368.046	 -30.2285	 -18.3426
  372.628	 -30.3503	 -17.8927
  377.266	 -30.4662	 -17.3839
  381.963	 -30.5747	 -16.8199
  386.718	 -30.6748	 -16.2048
  391.532	 -30.7651	 -15.5438
  396.406	 -30.8444	 -14.8428
  401.341	 -30.9116	 -14.1085
  406.337	 -30.9658	 -13.3479
  411.395	 -31.0062	 -12.5688
  416.517	 -31.0327	 -11.7841
  421.702	 -31.0447	 -10.9962
  426.951	 -31.0422	 -10.2137
  432.266	 -31.0247	 -9.4429
  437.648	 -30.9931	 -8.6950
  443.096	 -30.9481	 -7.9778
  448.612	 -30.8907	 -7.2983
  454.196	 -30.8222	 -6.6631
  459.851	 -30.7433	 -6.0800
  465.575	 -30.6561	 -5.5526
  471.371	 -30.5613	 -5.0888
  477.239	 -30.4610	 -4.6883
  483.180	 -30.3566	 -4.3533
  489.195	 -30.2489	 -4.0945
  495.285	 -30.1398	 -3.9029
  501.450	 -30.0304	 -3.7828
  507.693	 -29.9217	 -3.7327
  514.013	 -29.8150	 -3.7444
  520.412	 -29.7109	 -3.8251
  526.890	 -29.6105	 -3.9600
  533.449	 -29.5143	 -4.1544
  540.090	 -29.4229	 -4.3882
  546.814	 -29.3370	 -4.6705
  553.621	 -29.2566	 -4.9944
  560.513	 -29.1824	 -5.3480
  567.490	 -29.1138	 -5.7293
  574.555	 -29.0507	 -6.1320
  581.707	 -28.9930	 -6.5476
  588.949	 -28.9405	 -6.9714
  596.281	 -28.8929	 -7.3994
  603.703	 -28.8491	 -7.8292
  611.219	 -28.8088	 -8.2543
  618.828	 -28.7709	 -8.6763
  626.531	 -28.7345	 -9.0943
  634.331	 -28.6991	 -9.4991
  642.228	 -28.6631	 -9.9013
  650.222	 -28.6259	 -10.2979
  658.317	 -28.5864	 -10.6919
  666.512	 -28.5434	 -11.0979
  674.809	 -28.4966	 -11.5054
  683.210	 -28.4453	 -11.9303
  691.715	 -28.3888	 -12.3756
  700.326	 -28.3268	 -12.8594
  709.044	 -28.2599	 -13.3707
  717.871	 -28.1878	 -13.9372
  726.807	 -28.1115	 -14.5538
  735.855	 -28.0320	 -15.2312
  745.016	 -27.9504	 -15.9766
  754.290	 -27.8683	 -16.8131
  763.680	 -27.7872	 -17.7192
  773.187	 -27.7092	 -18.7249
  782.812	 -27.6363	 -19.8349
  792.557	 -27.5705	 -21.0370
  802.424	 -27.5138	 -22.3318
  812.413	 -27.4684	 -23.7336
  822.526	 -27.4368	 -25.2395
  832.766	 -27.4209	 -26.8443
  843.133	 -27.4231	 -28.5403
  853.629	 -27.4454	 -30.3168
  864.255	 -27.4899	 -32.1547
  875.014	 -27.5590	 -34.0495
  885.907	 -27.6541	 -35.9674
  896.935	 -27.7770	 -37.8716
  908.101	 -27.9300	 -39.7217
  919.406	 -28.1141	 -41.4634
  930.851	 -28.3307	 -43.0171
  942.439	 -28.5809	 -44.2686
  954.171	 -28.8648	 -45.1581
  966.049	 -29.1822	 -45.5128
  978.076	 -29.5315	 -45.3227
  990.251	 -29.9095	 -44.6462
 1002.579	 -30.3102	 -43.5127
 1015.060	 -30.7243	 -42.0433
 1027.696	 -31.1386	 -40.3572
 1040.489	 -31.5366	 -38.5354
 1053.442	 -31.8941	 -36.6139
 1066.556	 -32.1855	 -34.6366
 1079.833	 -32.3829	 -32.6467
 1093.276	 -32.4671	 -30.6615
 1106.886	 -32.4270	 -28.7160
 1120.665	 -32.2682	 -26.8162
 1134.616	 -32.0039	 -25.0025
 1148.741	 -31.6634	 -23.2775
 1163.041	 -31.2730	 -21.6814
 1177.519	 -30.8568	 -20.2464
 1192.178	 -30.4361	 -19.0415
 1207.019	 -30.0278	 -18.1015
 1222.045	 -29.6416	 -17.5504
 1237.258	 -29.2865	 -17.4383
 1252.660	 -28.9667	 -17.9252
 1268.254	 -28.6855	 -18.9947
 1284.042	 -28.4447	 -20.6132
 1300.027	 -28.2447	 -22.7003
 1316.211	 -28.0853	 -25.1231
 1332.596	 -27.9667	 -27.7755
 1349.185	 -27.8878	 -30.5656
 1365.981	 -27.8482	 -33.4247
 1382.985	 -27.8476	 -36.3129
 1400.202	 -27.8861	 -39.1742
 1417.633	 -27.9619	 -41.9730
 1435.280	 -28.0746	 -44.6617
 1453.148	 -28.2230	 -47.2181
 1471.238	 -28.4069	 -49.5718
 1489.553	 -28.6240	 -51.7100
 1508.096	 -28.8731	 -53.5682
 1526.870	 -29.1519	 -55.1221
 1545.877	 -29.4575	 -56.3429
 1565.121	 -29.7857	 -57.2327
 1584.605	 -30.1320	 -57.8445
 1604.332	 -30.4901	 -58.2003
 1624.303	 -30.8536	 -58.3621
 1644.524	 -31.2156	 -58.3854
 1664.996	 -31.5686	 -58.3036
 1685.723	 -31.9069	 -58.1603
 1706.708	 -32.2251	 -57.9732
 1727.955	 -32.5185	 -57.7377
 1749.466	 -32.7845	 -57.4501
 1771.244	 -33.0228	 -57.0954
 1793.294	 -33.2307	 -56.6319
 1815.618	 -33.4078	 -56.0379
 1838.221	 -33.5542	 -55.3047
 1861.104	 -33.6680	 -54.4541
 1884.272	 -33.7474	 -53.5310
 1907.729	 -33.7931	 -52.6146
 1931.478	 -33.8080	 -51.7975
 1955.523	 -33.7978	 -51.1797
 1979.866	 -33.7724	 -50.8147
 2004.513	 -33.7425	 -50.7506
 2029.467	 -33.7193	 -50.9887
 2054.731	 -33.7135	 -51.4714
 2080.310	 -33.7332	 -52.1217
 2106.207	 -33.7821	 -52.8156
 2132.427	 -33.8594	 -53.4258
 2158.973	 -33.9605	 -53.8416
 2185.849	 -34.0764	 -54.0243
 2213.060	 -34.1958	 -53.9860
 2240.610	 -34.3083	 -53.8152
 2268.503	 -34.4056	 -53.6018
 2296.743	 -34.4853	 -53.4429
 2325.334	 -34.5515	 -53.4123
 2354.282	 -34.6135	 -53.5563
 2383.590	 -34.6832	 -53.8771
 2413.262	 -34.7720	 -54.3275
 2443.305	 -34.8885	 -54.8274
 2473.721	 -35.0352	 -55.2712
 2504.515	 -35.2087	 -55.5782
 2535.693	 -35.3998	 -55.6986
 2567.260	 -35.5953	 -55.6316
 2599.219	 -35.7816	 -55.3784
 2631.576	 -35.9480	 -54.9658
 2664.335	 -36.0886	 -54.3821
 2697.503	 -36.2042	 -53.6389
 2731.084	 -36.3005	 -52.7832
 2765.082	 -36.3854	 -51.8966
 2799.504	 -36.4658	 -51.1113
 2834.354	 -36.5475	 -50.5156
 2869.638	 -36.6335	 -50.1540
 2905.362	 -36.7246	 -49.9660
 2941.530	 -36.8214	 -49.8580
 2978.148	 -36.9223	 -49.6901
 3015.222	 -37.0234	 -49.3088
 3052.758	 -37.1176	 -48.5963
 3090.761	 -37.1959	 -47.5622
 3129.237	 -37.2490	 -46.3537
 3168.192	 -37.2697	 -45.1530
 3207.632	 -37.2581	 -44.1100
 3247.563	 -37.2202	 -43.2846
 3287.991	 -37.1653	 -42.6357
 3328.923	 -37.1017	 -42.0697
 3370.364	 -37.0339	 -41.4892
 3412.320	 -36.9625	 -40.8797
 3454.799	 -36.8870	 -40.3118
 3497.807	 -36.8082	 -39.8869
 3541.351	 -36.7304	 -39.6575
 3585.436	 -36.6581	 -39.5972
 3630.070	 -36.5929	 -39.5922
 3675.260	 -36.5306	 -39.5122
 3721.012	 -36.4627	 -39.2828
 3767.334	 -36.3810	 -38.9218
 3814.233	 -36.2824	 -38.4899
 3861.715	 -36.1712	 -38.0746
 3909.789	 -36.0557	 -37.7689
 3958.460	 -35.9439	 -37.6452
 4007.738	 -35.8384	 -37.7130
 4057.630	 -35.7348	 -37.8983
 4108.142	 -35.6248	 -38.1251
 4159.283	 -35.4991	 -38.3490
 4211.061	 -35.3523	 -38.5647
 4263.483	 -35.1851	 -38.8266
 4316.559	 -35.0034	 -39.1961
 4370.294	 -34.8143	 -39.7354
 4424.699	 -34.6224	 -40.4457
 4479.781	 -34.4292	 -41.2963
 4535.548	 -34.2359	 -42.2441
 4592.010	 -34.0458	 -43.2716
 4649.175	 -33.8645	 -44.3681
 4707.051	 -33.6962	 -45.5247
 4765.648	 -33.5414	 -46.7710
 4824.975	 -33.3978	 -48.1535
 4885.039	 -33.2628	 -49.6921
 4945.852	 -33.1354	 -51.3769
 5007.421	 -33.0153	 -53.1916
 5069.757	 -32.9036	 -55.1919
 5132.870	 -32.8065	 -57.4830
 5196.768	 -32.7346	 -60.0805
 5261.460	 -32.6989	 -62.8679
 5326.959	 -32.7021	 -65.6156
 5393.273	 -32.7409	 -68.2217
 5460.413	 -32.8108	 -70.7862
 5528.388	 -32.9108	 -73.3736
 5597.209	 -33.0405	 -75.8770
 5666.887	 -33.1958	 -78.1402
 5737.433	 -33.3717	 -80.2133
 5808.857	 -33.5660	 -82.1981
 5881.169	 -33.7776	 -84.0490
 5954.383	 -34.0043	 -85.6618
 6028.507	 -34.2453	 -87.0888
 6103.555	 -34.5054	 -88.4441
 6179.536	 -34.7911	 -89.7614
 6256.464	 -35.1059	 -91.0579
 6334.349	 -35.4489	 -92.3340
 6413.204	 -35.8149	 -93.4698
 6493.040	 -36.1932	 -94.3419
 6573.870	 -36.5701	 -94.9866
 6655.706	 -36.9309	 -95.4319
 6738.562	 -37.2604	 -95.6095
 6822.448	 -37.5466	 -95.5287
 6907.379	 -37.7985	 -95.3622
 6993.367	 -38.0295	 -95.1193
 7080.426	 -38.2336	 -94.7217
 7168.568	 -38.3893	 -94.2899
 7257.808	 -38.4901	 -94.0595
 7348.158	 -38.5546	 -94.1774
 7439.633	 -38.6006	 -94.4859
 7532.248	 -38.6265	 -94.8062
 7626.015	 -38.6260	 -95.3235
 7720.949	 -38.6152	 -96.3329
 7817.065	 -38.6214	 -97.7519
 7914.377	 -38.6536	 -99.1572
 8012.901	 -38.7071	 -100.3050
 8112.652	 -38.7771	 -101.3023
 8213.645	 -38.8562	 -102.3073
 8315.894	 -38.9425	 -103.4620
 8419.416	 -39.0420	 -104.6331
 8524.228	 -39.1555	 -105.5165
 8630.343	 -39.2778	 -106.1346
 8737.780	 -39.4064	 -106.6033
 8846.555	 -39.5417	 -107.1759
 8956.683	 -39.6888	 -108.1027
 9068.182	 -39.8568	 -109.3506
 9181.069	 -40.0519	 -110.7669
 9295.362	 -40.2745	 -112.1817
 9411.078	 -40.5154	 -113.5057
 9528.233	 -40.7648	 -114.7784
 9646.849	 -41.0162	 -116.0030
 9766.939	 -41.2634	 -117.1758
 9888.525	 -41.4941	 -118.2042
10011.625	 -41.6770	 -119.0984
10136.257	 -41.7955	 -119.9562
10262.440	 -41.8691	 -121.0137
10390.195	 -41.9373	 -122.4313
10519.540	 -42.0135	 -123.8335
10650.495	 -42.0901	 -125.2219
10783.080	 -42.1655	 -126.6445
10917.316	 -42.2482	 -128.2245
11053.223	 -42.3557	 -130.0406
11190.821	 -42.4936	 -132.1914
11330.133	 -42.6622	 -134.7430
11471.179	 -42.8689	 -137.6146
11613.980	 -43.1029	 -140.1729
11758.561	 -43.3387	 -142.7242
11904.939	 -43.5824	 -145.6770
12053.141	 -43.8429	 -149.1027
12203.188	 -44.1278	 -152.6669
12355.102	 -44.4350	 -156.4759
12508.907	 -44.7728	 -160.6528
12664.627	 -45.1519	 -164.9752
12822.286	 -45.5748	 -169.1844
12981.907	 -46.0342	 -173.4947
13143.516	 -46.4971	 -176.2068
13307.136	 -46.9594	 -178.6733
13472.793	 -47.4219	 179.3859
13640.512	 -47.9062	 177.0782
13810.319	 -48.4358	 175.8490
13982.240	 -48.9951	 173.7576
14156.302	 -49.5873	 171.5521
14332.529	 -50.2449	 170.1341
14510.951	 -51.0039	 168.9882
14691.595	 -51.8735	 168.4288
14874.486	 -52.8452	 169.5212
15059.655	 -53.9353	 173.1350
15247.129	 -55.2848	 177.8191
15436.937	 -56.8839	 -176.4522
15629.106	 -58.6558	 -170.0864
15823.669	 -60.4790	 -163.8964
16020.654	 -62.4737	 -156.9645
16220.091	 -64.3025	 -149.4626
16422.010	 -65.7914	 -142.1762
16626.443	 -67.0750	 -134.8073
16833.422	 -67.9265	 -126.6708
17042.977	 -68.5988	 -119.6148
17255.141	 -69.2208	 -112.6569
17469.945	 -69.8126	 -105.7256
17687.424	 -70.1458	 -98.4865
17907.609	 -70.3804	 -92.3090
18130.537	 -70.4223	 -85.1835
18356.240	 -70.1350	 -77.8865
18584.752	 -69.7624	 -71.7222
18816.107	 -69.4315	 -65.7243
19050.346	 -69.1185	 -60.0492
19287.498	 -68.8598	 -55.7674
19527.604	 -68.6728	 -54.4658
19770.697	 -68.5763	 -53.1910
20016.816	 -68.5446	 -52.3441
20266.002	 -68.5161	 -51.2817
20518.287	 -68.5119	 -50.3849
20773.715	 -68.4993	 -48.6066
21032.320	 -68.4794	 -48.0523
21294.146	 -68.4454	 -48.3377
21559.232	 -68.4178	 -49.7286
21827.617	 -68.3761	 -50.8411
22099.344	 -68.3715	 -50.4816
22374.453	 -68.3987	 -49.0305
22652.986	 -68.5003	 -41.0351
