Smoothed Frequency Response
Resolution = 1/3 octave
Numpoints = 720
SamplingRate = 48000 Hz
Minimum Phase
Frequency(Hz)   Magnitude(dB)    Phase(deg)
    3.104	 -26.7208	 44.2866
    3.143	 -26.6453	 44.2866
    3.182	 -26.5686	 44.2866
    3.221	 -26.4909	 44.2866
    3.261	 -26.4118	 44.2866
    3.302	 -26.3305	 44.2866
    3.343	 -26.2452	 44.4920
    3.385	 -26.1527	 44.9008
    3.427	 -26.0502	 45.3067
    3.469	 -25.9363	 45.7093
    3.513	 -25.8120	 46.2561
    3.556	 -25.6620	 46.4466
    3.601	 -25.5116	 46.8357
    3.645	 -25.3611	 47.2215
    3.691	 -25.2105	 47.6038
    3.737	 -25.0599	 47.9825
    3.783	 -24.9094	 48.3573
    3.830	 -24.7592	 48.7281
    3.878	 -24.6095	 49.0948
    3.926	 -24.4603	 49.4571
    3.975	 -24.3118	 49.8148
    4.025	 -24.1642	 50.1678
    4.075	 -24.0176	 50.5159
    4.126	 -23.8723	 50.8589
    4.177	 -23.7284	 51.1967
    4.229	 -23.5861	 51.5289
    4.282	 -23.4456	 51.8555
    4.335	 -23.3071	 52.1763
    4.389	 -23.1709	 52.4910
    4.444	 -23.0373	 52.7994
    4.499	 -22.9063	 53.1014
    4.555	 -22.7784	 53.3968
    4.612	 -22.6538	 53.6854
    4.669	 -22.5328	 53.9670
    4.727	 -22.4156	 54.2414
    4.786	 -22.3027	 54.5084
    4.845	 -22.1942	 54.7678
    4.906	 -22.0907	 55.0194
    4.967	 -21.9923	 55.2631
    5.029	 -21.8995	 55.4986
    5.091	 -21.8127	 55.7259
    5.155	 -21.7322	 55.9446
    5.219	 -21.6585	 56.1541
    5.284	 -21.5917	 56.3515
    5.350	 -21.5321	 56.5337
    5.416	 -21.4797	 56.6980
    5.484	 -21.4345	 56.8414
    5.552	 -21.3965	 56.9612
    5.621	 -21.3656	 57.0548
    5.691	 -21.3417	 57.1197
    5.762	 -21.3247	 57.1535
    5.834	 -21.3145	 57.1540
    5.906	 -21.3108	 57.1192
    5.980	 -21.3136	 57.0472
    6.054	 -21.3225	 56.9362
    6.129	 -21.3373	 56.7848
    6.206	 -21.3577	 56.5918
    6.283	 -21.3833	 56.3562
    6.361	 -21.4137	 56.0772
    6.440	 -21.4485	 55.7545
    6.521	 -21.4873	 55.3878
    6.602	 -21.5296	 54.9775
    6.684	 -21.5750	 54.5242
    6.767	 -21.6232	 54.0293
    6.851	 -21.6739	 53.4971
    6.937	 -21.7270	 52.9322
    7.023	 -21.7821	 52.3396
    7.111	 -21.8390	 51.7249
    7.199	 -21.8972	 51.0941
    7.289	 -21.9566	 50.4536
    7.379	 -22.0167	 49.8104
    7.471	 -22.0770	 49.1720
    7.564	 -22.1372	 48.5464
    7.658	 -22.1967	 47.9423
    7.754	 -22.2551	 47.3690
    7.850	 -22.3122	 46.8612
    7.948	 -22.3677	 46.4304
    8.047	 -22.4216	 46.0837
    8.147	 -22.4737	 45.8275
    8.249	 -22.5239	 45.6681
    8.351	 -22.5722	 45.6109
    8.455	 -22.6183	 45.6605
    8.560	 -22.6623	 45.8212
    8.667	 -22.7039	 46.0963
    8.775	 -22.7431	 46.4883
    8.884	 -22.7799	 46.9988
    8.995	 -22.8142	 47.6283
    9.107	 -22.8460	 48.3766
    9.220	 -22.8755	 49.2420
    9.335	 -22.9027	 50.2218
    9.451	 -22.9277	 51.3121
    9.569	 -22.9506	 52.5074
    9.688	 -22.9714	 53.8008
    9.808	 -22.9900	 55.1839
    9.931	 -23.0062	 56.6466
   10.054	 -23.0199	 58.1768
   10.179	 -23.0305	 59.7360
   10.306	 -23.0379	 61.3074
   10.434	 -23.0413	 62.8720
   10.564	 -23.0397	 64.4201
   10.696	 -23.0327	 65.9472
   10.829	 -23.0194	 67.4490
   10.964	 -22.9994	 68.9218
   11.100	 -22.9722	 70.3621
   11.238	 -22.9376	 71.7669
   11.378	 -22.8955	 73.1337
   11.520	 -22.8457	 74.4605
   11.663	 -22.7880	 75.7458
   11.809	 -22.7224	 76.9886
   11.956	 -22.6487	 78.1889
   12.104	 -22.5670	 79.3469
   12.255	 -22.4771	 80.4640
   12.408	 -22.3790	 81.5422
   12.562	 -22.2727	 82.5841
   12.718	 -22.1583	 83.5937
   12.877	 -22.0359	 84.5757
   13.037	 -21.9061	 85.5355
   13.199	 -21.7692	 86.4796
   13.364	 -21.6256	 87.4161
   13.530	 -21.4757	 88.3593
   13.698	 -21.3196	 89.3147
   13.869	 -21.1570	 90.2826
   14.042	 -20.9878	 91.2635
   14.216	 -20.8118	 92.2575
   14.393	 -20.6291	 93.2651
   14.573	 -20.4399	 94.2863
   14.754	 -20.2443	 95.3214
   14.938	 -20.0430	 96.3704
   15.124	 -19.8364	 97.4333
   15.312	 -19.6253	 98.5102
   15.503	 -19.4108	 99.6008
   15.696	 -19.1945	 100.6691
   15.891	 -18.9778	 101.7011
   16.089	 -18.7615	 102.6898
   16.289	 -18.5465	 103.6295
   16.492	 -18.3329	 104.5153
   16.697	 -18.1211	 105.3440
   16.905	 -17.9111	 106.1141
   17.115	 -17.7029	 106.8254
   17.328	 -17.4965	 107.4793
   17.544	 -17.2920	 108.0792
   17.763	 -17.0892	 108.6301
   17.984	 -16.8880	 109.1393
   18.208	 -16.6883	 109.6132
   18.434	 -16.4900	 110.0553
   18.664	 -16.2926	 110.4732
   18.896	 -16.0958	 110.8727
   19.131	 -15.8993	 111.2581
   19.369	 -15.7024	 111.6317
   19.611	 -15.5046	 111.9939
   19.855	 -15.3054	 112.3431
   20.102	 -15.1042	 112.6752
   20.352	 -14.9007	 113.0198
   20.605	 -14.6946	 113.3816
   20.862	 -14.4868	 113.7509
   21.122	 -14.2784	 114.1178
   21.385	 -14.0701	 114.4762
   21.651	 -13.8624	 114.8212
   21.920	 -13.6559	 115.1496
   22.193	 -13.4506	 115.4596
   22.470	 -13.2469	 115.7508
   22.749	 -13.0446	 116.0249
   23.032	 -12.8437	 116.2856
   23.319	 -12.6443	 116.5380
   23.609	 -12.4462	 116.7886
   23.903	 -12.2495	 117.0456
   24.201	 -12.0540	 117.3104
   24.502	 -11.8598	 117.5821
   24.807	 -11.6668	 117.8578
   25.116	 -11.4748	 118.1320
   25.429	 -11.2835	 118.3967
   25.745	 -11.0927	 118.6410
   26.066	 -10.9018	 118.8468
   26.390	 -10.7103	 119.0037
   26.719	 -10.5175	 119.1124
   27.051	 -10.3229	 119.1837
   27.388	 -10.1257	 119.2311
   27.729	 -9.9260	 119.2664
   28.074	 -9.7235	 119.3027
   28.424	 -9.5184	 119.3545
   28.778	 -9.3115	 119.4314
   29.136	 -9.1034	 119.5386
   29.499	 -8.8951	 119.6758
   29.866	 -8.6873	 119.8358
   30.238	 -8.4808	 120.0044
   30.614	 -8.2764	 120.1645
   30.995	 -8.0747	 120.2960
   31.381	 -7.8772	 120.3829
   31.772	 -7.6847	 120.4088
   32.167	 -7.4980	 120.3640
   32.568	 -7.3175	 120.2483
   32.973	 -7.1435	 120.0713
   33.383	 -6.9759	 119.8530
   33.799	 -6.8145	 119.6413
   34.220	 -6.6591	 119.4879
   34.646	 -6.5093	 119.4092
   35.077	 -6.3648	 119.4141
   35.514	 -6.2252	 119.5035
   35.956	 -6.0898	 119.6699
   36.403	 -5.9577	 119.8983
   36.857	 -5.8272	 120.1739
   37.315	 -5.6964	 120.4842
   37.780	 -5.5634	 120.8209
   38.250	 -5.4260	 121.1809
   38.726	 -5.2819	 121.5673
   39.209	 -5.1271	 121.9857
   39.697	 -4.9584	 122.4490
   40.191	 -4.7731	 122.9701
   40.691	 -4.5689	 123.5554
   41.198	 -4.3443	 124.2098
   41.711	 -4.0989	 124.8972
   42.230	 -3.8325	 125.5887
   42.756	 -3.5453	 126.2767
   43.288	 -3.2378	 126.9479
   43.827	 -2.9109	 127.5707
   44.372	 -2.5661	 128.1100
   44.925	 -2.2054	 128.5554
   45.484	 -1.8314	 128.8975
   46.050	 -1.4467	 129.1314
   46.623	 -1.0547	 129.2569
   47.204	 -0.6667	 129.2538
   47.791	 -0.2875	 129.1016
   48.386	 0.0785	 128.7991
   48.989	 0.4282	 128.3647
   49.599	 0.7604	 127.8625
   50.216	 1.0748	 127.3286
   50.841	 1.3714	 126.7664
   51.474	 1.6515	 126.1552
   52.115	 1.9173	 125.4641
   52.764	 2.1708	 124.6748
   53.420	 2.4142	 123.7857
   54.085	 2.6492	 122.8483
   54.759	 2.8779	 121.9153
   55.440	 3.1018	 121.0156
   56.131	 3.3223	 120.1613
   56.829	 3.5405	 119.3429
   57.537	 3.7577	 118.5120
   58.253	 3.9753	 117.6425
   58.978	 4.1949	 116.7391
   59.712	 4.4179	 115.8315
   60.456	 4.6453	 114.9557
   61.208	 4.8788	 114.1541
   61.970	 5.1180	 113.4383
   62.742	 5.3623	 112.7683
   63.523	 5.6109	 112.0948
   64.314	 5.8628	 111.3549
   65.114	 6.1163	 110.5470
   65.925	 6.3683	 109.6995
   66.745	 6.6168	 108.8273
   67.576	 6.8612	 107.9263
   68.418	 7.1020	 106.9803
   69.269	 7.3400	 105.9888
   70.132	 7.5749	 104.9701
   71.005	 7.8043	 103.9379
   71.889	 8.0270	 102.8734
   72.784	 8.2440	 101.7470
   73.690	 8.4580	 100.5580
   74.607	 8.6708	 99.3535
   75.536	 8.8827	 98.1614
   76.476	 9.0940	 96.9822
   77.428	 9.3044	 95.7906
   78.392	 9.5133	 94.5452
   79.368	 9.7201	 93.2202
   80.356	 9.9243	 91.8371
   81.356	 10.1255	 90.4630
   82.369	 10.3239	 89.1331
   83.394	 10.5198	 87.8272
   84.433	 10.7134	 86.4926
   85.484	 10.9054	 85.0960
   86.548	 11.0957	 83.6458
   87.625	 11.2845	 82.1737
   88.716	 11.4717	 80.6908
   89.820	 11.6567	 79.1909
   90.939	 11.8395	 77.6520
   92.071	 12.0196	 76.0444
   93.217	 12.1955	 74.3604
   94.377	 12.3619	 72.6148
   95.552	 12.5163	 70.8203
   96.742	 12.6603	 69.0302
   97.946	 12.7952	 67.2725
   99.165	 12.9222	 65.4888
  100.400	 13.0427	 63.6471
  101.650	 13.1573	 61.7926
  102.915	 13.2658	 59.9601
  104.196	 13.3677	 58.1197
  105.493	 13.4625	 56.2268
  106.806	 13.5494	 54.3037
  108.136	 13.6280	 52.3923
  109.482	 13.6979	 50.4796
  110.845	 13.7589	 48.5427
  112.225	 13.8110	 46.5929
  113.622	 13.8543	 44.6356
  115.037	 13.8884	 42.6860
  116.469	 13.9136	 40.7554
  117.919	 13.9327	 38.8737
  119.386	 13.9465	 37.0266
  120.873	 13.9545	 35.1617
  122.377	 13.9584	 33.3208
  123.901	 13.9569	 31.5399
  125.443	 13.9468	 29.7378
  127.005	 13.9274	 27.8834
  128.586	 13.8998	 26.0833
  130.187	 13.8639	 24.3462
  131.807	 13.8195	 22.6066
  133.448	 13.7685	 20.9216
  135.109	 13.7115	 19.2984
  136.791	 13.6491	 17.6799
  138.494	 13.5812	 16.1166
  140.218	 13.5080	 14.5857
  141.964	 13.4314	 13.0600
  143.731	 13.3504	 11.6015
  145.520	 13.2654	 10.1924
  147.332	 13.1776	 8.8167
  149.166	 13.0877	 7.4660
  151.023	 12.9952	 6.1410
  152.903	 12.8967	 4.8131
  154.806	 12.7955	 3.5601
  156.734	 12.6925	 2.3736
  158.685	 12.5882	 1.2365
  160.660	 12.4841	 0.1736
  162.660	 12.3822	 -0.9163
  164.685	 12.2807	 -1.9589
  166.735	 12.1773	 -2.9949
  168.811	 12.0730	 -3.9925
  170.912	 11.9684	 -4.8749
  173.040	 11.8630	 -5.7770
  175.194	 11.7571	 -6.6882
  177.375	 11.6507	 -7.5317
  179.583	 11.5454	 -8.3660
  181.819	 11.4422	 -9.1774
  184.082	 11.3389	 -9.9649
  186.374	 11.2388	 -10.7165
  188.694	 11.1420	 -11.5303
  191.043	 11.0455	 -12.3355
  193.421	 10.9491	 -13.1243
  195.829	 10.8533	 -13.8563
  198.267	 10.7585	 -14.5427
  200.735	 10.6611	 -15.2395
  203.234	 10.5641	 -15.9277
  205.764	 10.4662	 -16.6431
  208.325	 10.3653	 -17.4121
  210.919	 10.2601	 -18.0670
  213.544	 10.1531	 -18.6347
  216.203	 10.0438	 -19.1111
  218.894	 9.9325	 -19.5136
  221.619	 9.8212	 -19.9494
  224.378	 9.7080	 -20.3831
  227.171	 9.5961	 -20.7673
  229.999	 9.4891	 -21.1265
  232.862	 9.3869	 -21.4850
  235.761	 9.2894	 -21.9150
  238.696	 9.1957	 -22.3685
  241.668	 9.1032	 -22.8201
  244.676	 9.0153	 -23.1678
  247.722	 8.9323	 -23.5068
  250.806	 8.8530	 -23.8042
  253.928	 8.7777	 -24.1294
  257.089	 8.7045	 -24.4478
  260.290	 8.6363	 -24.7735
  263.530	 8.5724	 -25.0736
  266.810	 8.5158	 -25.3304
  270.132	 8.4662	 -25.5485
  273.495	 8.4202	 -25.7734
  276.899	 8.3745	 -26.0585
  280.346	 8.3265	 -26.4120
  283.836	 8.2727	 -26.8572
  287.370	 8.2126	 -27.3216
  290.947	 8.1495	 -27.7422
  294.569	 8.0855	 -28.2181
  298.236	 8.0171	 -28.7453
  301.949	 7.9467	 -29.2508
  305.708	 7.8760	 -29.6803
  309.513	 7.8092	 -30.0983
  313.366	 7.7408	 -30.5172
  317.267	 7.6702	 -30.8751
  321.217	 7.6003	 -31.2111
  325.216	 7.5299	 -31.5677
  329.264	 7.4590	 -31.9354
  333.363	 7.3894	 -32.2967
  337.513	 7.3184	 -32.6138
  341.715	 7.2506	 -32.9407
  345.969	 7.1816	 -33.3141
  350.276	 7.1087	 -33.7127
  354.636	 7.0312	 -34.0646
  359.051	 6.9520	 -34.3683
  363.521	 6.8705	 -34.7094
  368.046	 6.7873	 -35.0401
  372.628	 6.7028	 -35.3339
  377.266	 6.6198	 -35.6278
  381.963	 6.5352	 -35.9033
  386.718	 6.4560	 -36.0961
  391.532	 6.3802	 -36.3014
  396.406	 6.3068	 -36.5200
  401.341	 6.2348	 -36.6696
  406.337	 6.1701	 -36.7761
  411.395	 6.1065	 -36.9905
  416.517	 6.0417	 -37.2480
  421.702	 5.9780	 -37.4838
  426.951	 5.9160	 -37.6788
  432.266	 5.8585	 -37.8800
  437.648	 5.8011	 -38.1936
  443.096	 5.7405	 -38.4809
  448.612	 5.6810	 -38.6996
  454.196	 5.6224	 -38.8838
  459.851	 5.5613	 -39.1070
  465.575	 5.4945	 -39.3077
  471.371	 5.4299	 -39.4839
  477.239	 5.3693	 -39.6796
  483.180	 5.3116	 -39.9247
  489.195	 5.2510	 -40.1699
  495.285	 5.1905	 -40.3871
  501.450	 5.1295	 -40.6369
  507.693	 5.0622	 -40.9063
  514.013	 4.9904	 -41.1310
  520.412	 4.9126	 -41.2951
  526.890	 4.8307	 -41.4857
  533.449	 4.7413	 -41.5978
  540.090	 4.6537	 -41.6066
  546.814	 4.5692	 -41.6276
  553.621	 4.4859	 -41.6027
  560.513	 4.4061	 -41.5405
  567.490	 4.3311	 -41.3640
  574.555	 4.2638	 -41.0126
  581.707	 4.2135	 -40.5541
  588.949	 4.1889	 -40.1953
  596.281	 4.1948	 -40.1036
  603.703	 4.2211	 -40.3561
  611.219	 4.2462	 -40.6627
  618.828	 4.2828	 -40.9607
  626.531	 4.3134	 -41.2911
  634.331	 4.3386	 -41.6149
  642.228	 4.3581	 -41.9074
  650.222	 4.3707	 -42.2509
  658.317	 4.3805	 -42.5072
  666.512	 4.3903	 -42.8149
  674.809	 4.3960	 -43.2276
  683.210	 4.3958	 -43.5678
  691.715	 4.3988	 -43.9667
  700.326	 4.3982	 -44.4471
  709.044	 4.3954	 -44.9812
  717.871	 4.3832	 -45.6292
  726.807	 4.3533	 -46.3062
  735.855	 4.3041	 -46.9794
  745.016	 4.2358	 -47.8333
  754.290	 4.1387	 -48.9605
  763.680	 4.0232	 -49.9139
  773.187	 3.9012	 -50.7063
  782.812	 3.7877	 -51.1882
  792.557	 3.6927	 -51.6116
  802.424	 3.5974	 -51.9319
  812.413	 3.5185	 -52.2196
  822.526	 3.4389	 -52.6151
  832.766	 3.3620	 -53.0269
  843.133	 3.2812	 -53.4100
  853.629	 3.2065	 -53.8767
  864.255	 3.1160	 -54.4612
  875.014	 3.0186	 -54.9263
  885.907	 2.9073	 -55.5376
  896.935	 2.7747	 -56.0773
  908.101	 2.6113	 -56.5749
  919.406	 2.4303	 -55.5581
  930.851	 2.2723	 -54.2865
  942.439	 2.1584	 -53.4557
  954.171	 2.0843	 -53.0103
  966.049	 2.0523	 -52.7864
  978.076	 2.0668	 -52.6657
  990.251	 2.0973	 -52.8351
 1002.579	 2.1207	 -53.0120
 1015.060	 2.1241	 -53.0194
 1027.696	 2.1091	 -52.6470
 1040.489	 2.0889	 -51.9891
 1053.442	 2.1202	 -51.0767
 1066.556	 2.2603	 -50.8611
 1079.833	 2.4098	 -51.3213
 1093.276	 2.5831	 -51.8075
 1106.886	 2.7585	 -52.2418
 1120.665	 2.9338	 -52.5524
 1134.616	 3.0989	 -53.1018
 1148.741	 3.2323	 -53.6987
 1163.041	 3.3309	 -54.3779
 1177.519	 3.3962	 -54.9921
 1192.178	 3.4204	 -57.0995
 1207.019	 3.3890	 -59.4389
 1222.045	 3.3241	 -61.2435
 1237.258	 3.2612	 -62.8441
 1252.660	 3.2092	 -64.3585
 1268.254	 3.1647	 -65.7449
 1284.042	 3.1195	 -67.0494
 1300.027	 3.0585	 -68.2635
 1316.211	 2.9582	 -69.7510
 1332.596	 2.7889	 -71.5603
 1349.185	 2.5659	 -72.3366
 1365.981	 2.2887	 -73.5854
 1382.985	 1.9930	 -74.0946
 1400.202	 1.7902	 -74.4628
 1417.633	 1.6433	 -75.0122
 1435.280	 1.5329	 -75.8200
 1453.148	 1.4429	 -76.7530
 1471.238	 1.3551	 -77.6307
 1489.553	 1.2794	 -78.4781
 1508.096	 1.2009	 -79.3389
 1526.870	 1.1127	 -80.3885
 1545.877	 1.0018	 -81.5006
 1565.121	 0.8805	 -82.5396
 1584.605	 0.7487	 -83.5664
 1604.332	 0.6111	 -84.4835
 1624.303	 0.4809	 -85.2941
 1644.524	 0.3718	 -86.0152
 1664.996	 0.2808	 -86.6190
 1685.723	 0.1897	 -87.2287
 1706.708	 0.0787	 -87.7212
 1727.955	 -0.0520	 -88.3954
 1749.466	 -0.2531	 -90.1219
 1771.244	 -0.5132	 -91.5373
 1793.294	 -0.8386	 -93.0443
 1815.618	 -1.1875	 -93.9623
 1838.221	 -1.5300	 -94.7953
 1861.104	 -1.8655	 -95.3431
 1884.272	 -2.1913	 -95.7983
 1907.729	 -2.5059	 -95.9973
 1931.478	 -2.8014	 -96.0707
 1955.523	 -3.0859	 -96.1833
 1979.866	 -3.3588	 -96.2677
 2004.513	 -3.6232	 -96.0912
 2029.467	 -3.8683	 -95.8515
 2054.731	 -4.1122	 -95.5876
 2080.310	 -4.3506	 -95.3490
 2106.207	 -4.5787	 -95.1136
 2132.427	 -4.7898	 -94.8841
 2158.973	 -4.9872	 -94.7012
 2185.849	 -5.1754	 -94.4323
 2213.060	 -5.3582	 -94.2201
 2240.610	 -5.5441	 -93.8164
 2268.503	 -5.7197	 -93.6681
 2296.743	 -5.9280	 -93.4803
 2325.334	 -6.1263	 -93.1087
 2354.282	 -6.3157	 -92.7029
 2383.590	 -6.4989	 -92.2632
 2413.262	 -6.6628	 -91.8868
 2443.305	 -6.8119	 -91.4789
 2473.721	 -6.9576	 -91.2222
 2504.515	 -7.1013	 -90.9724
 2535.693	 -7.2474	 -90.5614
 2567.260	 -7.3812	 -90.0576
 2599.219	 -7.5143	 -89.6695
 2631.576	 -7.6555	 -89.2860
 2664.335	 -7.8028	 -89.0481
 2697.503	 -7.9517	 -88.7317
 2731.084	 -8.0922	 -88.3717
 2765.082	 -8.2271	 -87.9121
 2799.504	 -8.3404	 -87.3487
 2834.354	 -8.4416	 -86.8189
 2869.638	 -8.5349	 -86.2580
 2905.362	 -8.6128	 -85.7714
 2941.530	 -8.6885	 -85.4995
 2978.148	 -8.7685	 -85.3000
 3015.222	 -8.8491	 -85.1033
 3052.758	 -8.9389	 -84.9841
 3090.761	 -9.0256	 -84.6091
 3129.237	 -9.0994	 -84.2231
 3168.192	 -9.1601	 -83.9430
 3207.632	 -9.2132	 -83.5629
 3247.563	 -9.2510	 -83.2278
 3287.991	 -9.2814	 -82.9799
 3328.923	 -9.3020	 -82.7316
 3370.364	 -9.3131	 -82.6267
 3412.320	 -9.3140	 -82.6457
 3454.799	 -9.3072	 -82.7037
 3497.807	 -9.2910	 -82.8869
 3541.351	 -9.2719	 -83.1537
 3585.436	 -9.2479	 -83.5493
 3630.070	 -9.2268	 -84.1312
 3675.260	 -9.2086	 -84.7733
 3721.012	 -9.1882	 -85.5477
 3767.334	 -9.1682	 -86.3974
 3814.233	 -9.1409	 -87.2483
 3861.715	 -9.1087	 -88.2739
 3909.789	 -9.0781	 -89.5143
 3958.460	 -9.0520	 -91.0143
 4007.738	 -9.0390	 -92.8847
 4057.630	 -9.0460	 -94.9417
 4108.142	 -9.0726	 -97.1199
 4159.283	 -9.1212	 -99.6279
 4211.061	 -9.2035	 -102.3270
 4263.483	 -9.3183	 -105.2509
 4316.559	 -9.4710	 -108.2572
 4370.294	 -9.6588	 -111.2188
 4424.699	 -9.8789	 -114.1505
 4479.781	 -10.1336	 -117.2295
 4535.548	 -10.4218	 -120.4006
 4592.010	 -10.7449	 -123.7463
 4649.175	 -11.1060	 -127.3622
 4707.051	 -11.5090	 -131.1246
 4765.648	 -11.9603	 -132.9594
 4824.975	 -12.4709	 -131.2296
 4885.039	 -13.0412	 -129.0790
 4945.852	 -13.6790	 -127.5279
 5007.421	 -14.3889	 -126.3004
 5069.757	 -15.1803	 -125.0152
 5132.870	 -16.0524	 -122.4721
 5196.768	 -17.0026	 -117.9583
 5261.460	 -18.0187	 -112.1873
 5326.959	 -19.0796	 -106.7886
 5393.273	 -20.1530	 -101.4032
 5460.413	 -21.1533	 -96.3363
 5528.388	 -22.0556	 -91.8378
 5597.209	 -22.8770	 -87.0771
 5666.887	 -23.5814	 -81.0770
 5737.433	 -24.1806	 -74.3268
 5808.857	 -24.5698	 -66.6183
 5881.169	 -24.6868	 -58.6765
 5954.383	 -24.4365	 -50.5106
 6028.507	 -23.9082	 -42.1589
 6103.555	 -23.1658	 -33.6785
 6179.536	 -22.3182	 -27.2865
 6256.464	 -21.4366	 -24.5595
 6334.349	 -20.5583	 -22.3587
 6413.204	 -19.6968	 -19.6035
 6493.040	 -18.8577	 -16.7006
 6573.870	 -18.0787	 -13.9910
 6655.706	 -17.3925	 -12.5817
 6738.562	 -16.7966	 -13.0954
 6822.448	 -16.2864	 -14.8216
 6907.379	 -15.8523	 -16.0652
 6993.367	 -15.4733	 -17.1797
 7080.426	 -15.1473	 -17.8576
 7168.568	 -14.8603	 -17.8531
 7257.808	 -14.6149	 -17.9914
 7348.158	 -14.4127	 -19.1911
 7439.633	 -14.2514	 -21.0026
 7532.248	 -14.1178	 -23.5281
 7626.015	 -14.0092	 -26.3229
 7720.949	 -13.9316	 -29.3522
 7817.065	 -13.8933	 -32.4156
 7914.377	 -13.9034	 -35.3320
 8012.901	 -13.9674	 -37.6811
 8112.652	 -14.0665	 -39.4651
 8213.645	 -14.1887	 -41.2565
 8315.894	 -14.3289	 -43.1348
 8419.416	 -14.4818	 -44.8100
 8524.228	 -14.6334	 -46.2653
 8630.343	 -14.7721	 -47.4959
 8737.780	 -14.9180	 -48.9364
 8846.555	 -15.0728	 -49.2254
 8956.683	 -15.2150	 -49.2078
 9068.182	 -15.3396	 -49.0431
 9181.069	 -15.4409	 -48.8430
 9295.362	 -15.5068	 -48.6129
 9411.078	 -15.5377	 -48.6369
 9528.233	 -15.5498	 -49.0234
 9646.849	 -15.5509	 -49.7134
 9766.939	 -15.5510	 -50.5700
 9888.525	 -15.5422	 -51.3168
10011.625	 -15.5208	 -52.0048
10136.257	 -15.5045	 -52.6673
10262.440	 -15.5076	 -53.1745
10390.195	 -15.5353	 -53.8011
10519.540	 -15.5989	 -54.5881
10650.495	 -15.6782	 -55.1940
10783.080	 -15.7466	 -55.4947
10917.316	 -15.7832	 -55.6308
11053.223	 -15.7855	 -55.7468
11190.821	 -15.7662	 -55.9294
11330.133	 -15.7229	 -55.8405
11471.179	 -15.6752	 -56.8830
11613.980	 -15.6467	 -58.3037
11758.561	 -15.6335	 -60.0568
11904.939	 -15.6389	 -62.0535
12053.141	 -15.6619	 -64.2084
12203.188	 -15.7031	 -66.4627
12355.102	 -15.7584	 -68.6643
12508.907	 -15.8230	 -70.8536
12664.627	 -15.8967	 -73.0401
12822.286	 -15.9818	 -75.1439
12981.907	 -16.0742	 -77.0107
13143.516	 -16.1680	 -78.7872
13307.136	 -16.2737	 -80.7120
13472.793	 -16.4046	 -82.9210
13640.512	 -16.5729	 -85.4623
13810.319	 -16.7818	 -88.0696
13982.240	 -17.0330	 -90.7568
14156.302	 -17.3385	 -93.3418
14332.529	 -17.7086	 -95.6907
14510.951	 -18.1472	 -97.3743
14691.595	 -18.6585	 -98.3732
14874.486	 -19.2474	 -99.0582
15059.655	 -19.9222	 -99.3089
15247.129	 -20.6673	 -98.9371
15436.937	 -21.4575	 -98.0574
15629.106	 -22.2854	 -96.7307
15823.669	 -23.1224	 -94.8735
16020.654	 -23.9394	 -92.7131
16220.091	 -24.7368	 -90.3302
16422.010	 -25.5084	 -87.7318
16626.443	 -26.2454	 -85.0526
16833.422	 -26.9707	 -82.3271
17042.977	 -27.6730	 -79.5658
17255.141	 -28.3259	 -76.7117
17469.945	 -28.9297	 -73.5813
17687.424	 -29.4293	 -70.0486
17907.609	 -29.7990	 -66.2280
18130.537	 -30.0214	 -62.2463
18356.240	 -30.1176	 -58.4260
18584.752	 -30.1262	 -54.9604
18816.107	 -30.0899	 -52.2323
19050.346	 -30.0499	 -50.0707
19287.498	 -30.0172	 -48.1822
19527.604	 -29.9962	 -46.6019
19770.697	 -30.0027	 -45.4416
20016.816	 -30.0500	 -44.5463
20266.002	 -30.0855	 -43.0609
20518.287	 -30.1311	 -41.8358
20773.715	 -30.1810	 -40.6876
21032.320	 -30.2222	 -39.4087
21294.146	 -30.2533	 -38.4021
21559.232	 -30.2700	 -39.1533
21827.617	 -30.2785	 -41.4774
22099.344	 -30.2710	 -43.1700
22374.453	 -30.2549	 -44.9459
22652.986	 -30.2476	 -46.3111
