Smoothed Frequency Response
Resolution = 1/3 octave
Numpoints = 720
SamplingRate = 48000 Hz
Frequency(Hz)   Magnitude(dB)
    3.104	 -59.1180
    3.143	 -59.1188
    3.182	 -59.1200
    3.221	 -59.1215
    3.261	 -59.1233
    3.302	 -59.1255
    3.343	 -59.1281
    3.385	 -59.1312
    3.427	 -59.1349
    3.469	 -59.1393
    3.513	 -59.1447
    3.556	 -59.1514
    3.601	 -59.1593
    3.645	 -59.1685
    3.691	 -59.1788
    3.737	 -59.1905
    3.783	 -59.2035
    3.830	 -59.2179
    3.878	 -59.2337
    3.926	 -59.2510
    3.975	 -59.2698
    4.025	 -59.2902
    4.075	 -59.3122
    4.126	 -59.3359
    4.177	 -59.3613
    4.229	 -59.3885
    4.282	 -59.4175
    4.335	 -59.4484
    4.389	 -59.4812
    4.444	 -59.5161
    4.499	 -59.5530
    4.555	 -59.5920
    4.612	 -59.6332
    4.669	 -59.6767
    4.727	 -59.7226
    4.786	 -59.7708
    4.845	 -59.8214
    4.906	 -59.8746
    4.967	 -59.9304
    5.029	 -59.9889
    5.091	 -60.0502
    5.155	 -60.1143
    5.219	 -60.1813
    5.284	 -60.2514
    5.350	 -60.3249
    5.416	 -60.4020
    5.484	 -60.4830
    5.552	 -60.5683
    5.621	 -60.6582
    5.691	 -60.7530
    5.762	 -60.8530
    5.834	 -60.9585
    5.906	 -61.0698
    5.980	 -61.1872
    6.054	 -61.3109
    6.129	 -61.4412
    6.206	 -61.5782
    6.283	 -61.7223
    6.361	 -61.8736
    6.440	 -62.0323
    6.521	 -62.1984
    6.602	 -62.3720
    6.684	 -62.5530
    6.767	 -62.7412
    6.851	 -62.9361
    6.937	 -63.1375
    7.023	 -63.3447
    7.111	 -63.5574
    7.199	 -63.7749
    7.289	 -63.9966
    7.379	 -64.2217
    7.471	 -64.4497
    7.564	 -64.6795
    7.658	 -64.9104
    7.754	 -65.1413
    7.850	 -65.3710
    7.948	 -65.5987
    8.047	 -65.8232
    8.147	 -66.0436
    8.249	 -66.2589
    8.351	 -66.4684
    8.455	 -66.6713
    8.560	 -66.8670
    8.667	 -67.0548
    8.775	 -67.2342
    8.884	 -67.4047
    8.995	 -67.5662
    9.107	 -67.7182
    9.220	 -67.8608
    9.335	 -67.9939
    9.451	 -68.1177
    9.569	 -68.2324
    9.688	 -68.3383
    9.808	 -68.4357
    9.931	 -68.5247
   10.054	 -68.6056
   10.179	 -68.6783
   10.306	 -68.7425
   10.434	 -68.7979
   10.564	 -68.8440
   10.696	 -68.8798
   10.829	 -68.9043
   10.964	 -68.9161
   11.100	 -68.9139
   11.238	 -68.8962
   11.378	 -68.8617
   11.520	 -68.8095
   11.663	 -68.7389
   11.809	 -68.6498
   11.956	 -68.5423
   12.104	 -68.4174
   12.255	 -68.2764
   12.408	 -68.1216
   12.562	 -67.9556
   12.718	 -67.7816
   12.877	 -67.6035
   13.037	 -67.4261
   13.199	 -67.2543
   13.364	 -67.0930
   13.530	 -66.9461
   13.698	 -66.8173
   13.869	 -66.7093
   14.042	 -66.6237
   14.216	 -66.5619
   14.393	 -66.5243
   14.573	 -66.5113
   14.754	 -66.5226
   14.938	 -66.5581
   15.124	 -66.6172
   15.312	 -66.6990
   15.503	 -66.8021
   15.696	 -66.9228
   15.891	 -67.0580
   16.089	 -67.2032
   16.289	 -67.3533
   16.492	 -67.5022
   16.697	 -67.6431
   16.905	 -67.7682
   17.115	 -67.8701
   17.328	 -67.9421
   17.544	 -67.9788
   17.763	 -67.9761
   17.984	 -67.9316
   18.208	 -67.8453
   18.434	 -67.7190
   18.664	 -67.5560
   18.896	 -67.3600
   19.131	 -67.1357
   19.369	 -66.8875
   19.611	 -66.6193
   19.855	 -66.3343
   20.102	 -66.0349
   20.352	 -65.7229
   20.605	 -65.3984
   20.862	 -65.0598
   21.122	 -64.7051
   21.385	 -64.3321
   21.651	 -63.9390
   21.920	 -63.5243
   22.193	 -63.0872
   22.470	 -62.6283
   22.749	 -62.1489
   23.032	 -61.6517
   23.319	 -61.1407
   23.609	 -60.6215
   23.903	 -60.0972
   24.201	 -59.5705
   24.502	 -59.0429
   24.807	 -58.5150
   25.116	 -57.9868
   25.429	 -57.4579
   25.745	 -56.9279
   26.066	 -56.3961
   26.390	 -55.8623
   26.719	 -55.3260
   27.051	 -54.7869
   27.388	 -54.2447
   27.729	 -53.6986
   28.074	 -53.1482
   28.424	 -52.5925
   28.778	 -52.0302
   29.136	 -51.4601
   29.499	 -50.8812
   29.866	 -50.2929
   30.238	 -49.6946
   30.614	 -49.0862
   30.995	 -48.4676
   31.381	 -47.8391
   31.772	 -47.2006
   32.167	 -46.5523
   32.568	 -45.8942
   32.973	 -45.2264
   33.383	 -44.5490
   33.799	 -43.8634
   34.220	 -43.1737
   34.646	 -42.4827
   35.077	 -41.7932
   35.514	 -41.1078
   35.956	 -40.4285
   36.403	 -39.7570
   36.857	 -39.0949
   37.315	 -38.4437
   37.780	 -37.8052
   38.250	 -37.1807
   38.726	 -36.5718
   39.209	 -35.9809
   39.697	 -35.4099
   40.191	 -34.8602
   40.691	 -34.3333
   41.198	 -33.8302
   41.711	 -33.3522
   42.230	 -32.8999
   42.756	 -32.4735
   43.288	 -32.0728
   43.827	 -31.6975
   44.372	 -31.3467
   44.925	 -31.0197
   45.484	 -30.7160
   46.050	 -30.4353
   46.623	 -30.1775
   47.204	 -29.9440
   47.791	 -29.7353
   48.386	 -29.5513
   48.989	 -29.3912
   49.599	 -29.2534
   50.216	 -29.1362
   50.841	 -29.0373
   51.474	 -28.9546
   52.115	 -28.8857
   52.764	 -28.8283
   53.420	 -28.7803
   54.085	 -28.7395
   54.759	 -28.7038
   55.440	 -28.6715
   56.131	 -28.6407
   56.829	 -28.6096
   57.537	 -28.5763
   58.253	 -28.5389
   58.978	 -28.4949
   59.712	 -28.4424
   60.456	 -28.3802
   61.208	 -28.3068
   61.970	 -28.2223
   62.742	 -28.1276
   63.523	 -28.0238
   64.314	 -27.9120
   65.114	 -27.7937
   65.925	 -27.6709
   66.745	 -27.5456
   67.576	 -27.4184
   68.418	 -27.2893
   69.269	 -27.1581
   70.132	 -27.0253
   71.005	 -26.8927
   71.889	 -26.7617
   72.784	 -26.6316
   73.690	 -26.5006
   74.607	 -26.3676
   75.536	 -26.2323
   76.476	 -26.0946
   77.428	 -25.9547
   78.392	 -25.8130
   79.368	 -25.6702
   80.356	 -25.5267
   81.356	 -25.3831
   82.369	 -25.2394
   83.394	 -25.0956
   84.433	 -24.9514
   85.484	 -24.8066
   86.548	 -24.6611
   87.625	 -24.5146
   88.716	 -24.3677
   89.820	 -24.2205
   90.939	 -24.0733
   92.071	 -23.9266
   93.217	 -23.7818
   94.377	 -23.6441
   95.552	 -23.5160
   96.742	 -23.3963
   97.946	 -23.2837
   99.165	 -23.1773
  100.400	 -23.0757
  101.650	 -22.9785
  102.915	 -22.8858
  104.196	 -22.7981
  105.493	 -22.7158
  106.806	 -22.6396
  108.136	 -22.5703
  109.482	 -22.5082
  110.845	 -22.4537
  112.225	 -22.4068
  113.622	 -22.3675
  115.037	 -22.3362
  116.469	 -22.3124
  117.919	 -22.2934
  119.386	 -22.2783
  120.873	 -22.2674
  122.377	 -22.2592
  123.901	 -22.2551
  125.443	 -22.2585
  127.005	 -22.2704
  128.586	 -22.2894
  130.187	 -22.3158
  131.807	 -22.3497
  133.448	 -22.3894
  135.109	 -22.4343
  136.791	 -22.4840
  138.494	 -22.5387
  140.218	 -22.5979
  141.964	 -22.6598
  143.731	 -22.7254
  145.520	 -22.7944
  147.332	 -22.8656
  149.166	 -22.9380
  151.023	 -23.0124
  152.903	 -23.0926
  154.806	 -23.1751
  156.734	 -23.2590
  158.685	 -23.3439
  160.660	 -23.4281
  162.660	 -23.5096
  164.685	 -23.5903
  166.735	 -23.6723
  168.811	 -23.7543
  170.912	 -23.8362
  173.040	 -23.9185
  175.194	 -24.0009
  177.375	 -24.0839
  179.583	 -24.1656
  181.819	 -24.2446
  184.082	 -24.3232
  186.374	 -24.3977
  188.694	 -24.4678
  191.043	 -24.5369
  193.421	 -24.6051
  195.829	 -24.6721
  198.267	 -24.7375
  200.735	 -24.8053
  203.234	 -24.8721
  205.764	 -24.9394
  208.325	 -25.0097
  210.919	 -25.0841
  213.544	 -25.1601
  216.203	 -25.2389
  218.894	 -25.3211
  221.619	 -25.4047
  224.378	 -25.4929
  227.171	 -25.5827
  229.999	 -25.6698
  232.862	 -25.7537
  235.761	 -25.8344
  238.696	 -25.9122
  241.668	 -25.9890
  244.676	 -26.0614
  247.722	 -26.1286
  250.806	 -26.1916
  253.928	 -26.2498
  257.089	 -26.3066
  260.290	 -26.3592
  263.530	 -26.4081
  266.810	 -26.4492
  270.132	 -26.4819
  273.495	 -26.5092
  276.899	 -26.5337
  280.346	 -26.5576
  283.836	 -26.5843
  287.370	 -26.6165
  290.947	 -26.6514
  294.569	 -26.6866
  298.236	 -26.7274
  301.949	 -26.7711
  305.708	 -26.8150
  309.513	 -26.8547
  313.366	 -26.8961
  317.267	 -26.9409
  321.217	 -26.9856
  325.216	 -27.0317
  329.264	 -27.0793
  333.363	 -27.1252
  337.513	 -27.1729
  341.715	 -27.2174
  345.969	 -27.2634
  350.276	 -27.3138
  354.636	 -27.3698
  359.051	 -27.4282
  363.521	 -27.4905
  368.046	 -27.5556
  372.628	 -27.6223
  377.266	 -27.6892
  381.963	 -27.7589
  386.718	 -27.8233
  391.532	 -27.8839
  396.406	 -27.9431
  401.341	 -28.0016
  406.337	 -28.0520
  411.395	 -28.1007
  416.517	 -28.1511
  421.702	 -28.2005
  426.951	 -28.2478
  432.266	 -28.2904
  437.648	 -28.3332
  443.096	 -28.3798
  448.612	 -28.4248
  454.196	 -28.4697
  459.851	 -28.5197
  465.575	 -28.5846
  471.371	 -28.6459
  477.239	 -28.7001
  483.180	 -28.7480
  489.195	 -28.7942
  495.285	 -28.8365
  501.450	 -28.8759
  507.693	 -28.9202
  514.013	 -28.9684
  520.412	 -29.0232
  526.890	 -29.0822
  533.449	 -29.1502
  540.090	 -29.2171
  546.814	 -29.3318
  553.621	 -29.2515
  560.513	 -29.1774
  567.490	 -29.1089
  574.555	 -29.0459
  581.707	 -28.9883
  588.949	 -28.9359
  596.281	 -28.8884
  603.703	 -28.8447
  611.219	 -28.8045
  618.828	 -28.7667
  626.531	 -28.7304
  634.331	 -28.6950
  642.228	 -28.6592
  650.222	 -28.6220
  658.317	 -28.5826
  666.512	 -28.5397
  674.809	 -28.4931
  683.210	 -28.4418
  691.715	 -28.3854
  700.326	 -28.3236
  709.044	 -28.2568
  717.871	 -28.1848
  726.807	 -28.1087
  735.855	 -28.0293
  745.016	 -27.9478
  754.290	 -27.8658
  763.680	 -27.7849
  773.187	 -27.7070
  782.812	 -27.6344
  792.557	 -27.5687
  802.424	 -27.5122
  812.413	 -27.4670
  822.526	 -27.4355
  832.766	 -27.4199
  843.133	 -27.4223
  853.629	 -27.4448
  864.255	 -27.4895
  875.014	 -27.5588
  885.907	 -27.6541
  896.935	 -27.7772
  908.101	 -27.9304
  919.406	 -28.1148
  930.851	 -28.3316
  942.439	 -28.5821
  954.171	 -28.8661
  966.049	 -29.1838
  978.076	 -29.5333
  990.251	 -29.9115
 1002.579	 -30.3124
 1015.060	 -30.7266
 1027.696	 -31.1411
 1040.489	 -31.5391
 1053.442	 -31.8966
 1066.556	 -32.1877
 1079.833	 -32.3848
 1093.276	 -32.4688
 1106.886	 -32.4283
 1120.665	 -32.2692
 1134.616	 -32.0046
 1148.741	 -31.6639
 1163.041	 -31.2734
 1177.519	 -30.8572
 1192.178	 -30.4366
 1207.019	 -30.0284
 1222.045	 -29.6423
 1237.258	 -29.2874
 1252.660	 -28.9678
 1268.254	 -28.6869
 1284.042	 -28.4462
 1300.027	 -28.2464
 1316.211	 -28.0873
 1332.596	 -27.9689
 1349.185	 -27.8903
 1365.981	 -27.8509
 1382.985	 -27.8506
 1400.202	 -27.8893
 1417.633	 -27.9653
 1435.280	 -28.0783
 1453.148	 -28.2270
 1471.238	 -28.4112
 1489.553	 -28.6285
 1508.096	 -28.8779
 1526.870	 -29.1570
 1545.877	 -29.4629
 1565.121	 -29.7915
 1584.605	 -30.1381
 1604.332	 -30.4966
 1624.303	 -30.8605
 1644.524	 -31.2228
 1664.996	 -31.5762
 1685.723	 -31.9148
 1706.708	 -32.2335
 1727.955	 -32.5271
 1749.466	 -32.7935
 1771.244	 -33.0321
 1793.294	 -33.2403
 1815.618	 -33.4176
 1838.221	 -33.5641
 1861.104	 -33.6781
 1884.272	 -33.7576
 1907.729	 -33.8033
 1931.478	 -33.8182
 1955.523	 -33.8080
 1979.866	 -33.7825
 2004.513	 -33.7525
 2029.467	 -33.7292
 2054.731	 -33.7234
 2080.310	 -33.7429
 2106.207	 -33.7918
 2132.427	 -33.8691
 2158.973	 -33.9702
 2185.849	 -34.0860
 2213.060	 -34.2054
 2240.610	 -34.3179
 2268.503	 -34.4151
 2296.743	 -34.4947
 2325.334	 -34.5608
 2354.282	 -34.6227
 2383.590	 -34.6922
 2413.262	 -34.7808
 2443.305	 -34.8971
 2473.721	 -35.0436
 2504.515	 -35.2170
 2535.693	 -35.4079
 2567.260	 -35.6033
 2599.219	 -35.7894
 2631.576	 -35.9557
 2664.335	 -36.0960
 2697.503	 -36.2114
 2731.084	 -36.3075
 2765.082	 -36.3921
 2799.504	 -36.4722
 2834.354	 -36.5536
 2869.638	 -36.6391
 2905.362	 -36.7299
 2941.530	 -36.8263
 2978.148	 -36.9266
 3015.222	 -37.0273
 3052.758	 -37.1211
 3090.761	 -37.1990
 3129.237	 -37.2516
 3168.192	 -37.2719
 3207.632	 -37.2598
 3247.563	 -37.2215
 3287.991	 -37.1660
 3328.923	 -37.1019
 3370.364	 -37.0335
 3412.320	 -36.9615
 3454.799	 -36.8853
 3497.807	 -36.8060
 3541.351	 -36.7275
 3585.436	 -36.6546
 3630.070	 -36.5888
 3675.260	 -36.5259
 3721.012	 -36.4574
 3767.334	 -36.3752
 3814.233	 -36.2762
 3861.715	 -36.1645
 3909.789	 -36.0485
 3958.460	 -35.9363
 4007.738	 -35.8304
 4057.630	 -35.7264
 4108.142	 -35.6161
 4159.283	 -35.4900
 4211.061	 -35.3430
 4263.483	 -35.1757
 4316.559	 -34.9940
 4370.294	 -34.8049
 4424.699	 -34.6131
 4479.781	 -34.4200
 4535.548	 -34.2269
 4592.010	 -34.0371
 4649.175	 -33.8562
 4707.051	 -33.6883
 4765.648	 -33.5339
 4824.975	 -33.3907
 4885.039	 -33.2562
 4945.852	 -33.1294
 5007.421	 -33.0099
 5069.757	 -32.8989
 5132.870	 -32.8024
 5196.768	 -32.7313
 5261.460	 -32.6963
 5326.959	 -32.7003
 5393.273	 -32.7397
 5460.413	 -32.8104
 5528.388	 -32.9112
 5597.209	 -33.0416
 5666.887	 -33.1977
 5737.433	 -33.3744
 5808.857	 -33.5694
 5881.169	 -33.7817
 5954.383	 -34.0092
 6028.507	 -34.2510
 6103.555	 -34.5117
 6179.536	 -34.7982
 6256.464	 -35.1137
 6334.349	 -35.4573
 6413.204	 -35.8238
 6493.040	 -36.2026
 6573.870	 -36.5798
 6655.706	 -36.9408
 6738.562	 -37.2701
 6822.448	 -37.5560
 6907.379	 -37.8073
 6993.367	 -38.0376
 7080.426	 -38.2408
 7168.568	 -38.3954
 7257.808	 -38.4950
 7348.158	 -38.5580
 7439.633	 -38.6025
 7532.248	 -38.6269
 7626.015	 -38.6248
 7720.949	 -38.6126
 7817.065	 -38.6175
 7914.377	 -38.6485
 8012.901	 -38.7010
 8112.652	 -38.7701
 8213.645	 -38.8485
 8315.894	 -38.9343
 8419.416	 -39.0334
 8524.228	 -39.1467
 8630.343	 -39.2688
 8737.780	 -39.3975
 8846.555	 -39.5330
 8956.683	 -39.6806
 9068.182	 -39.8493
 9181.069	 -40.0453
 9295.362	 -40.2691
 9411.078	 -40.5115
 9528.233	 -40.7626
 9646.849	 -41.0158
 9766.939	 -41.2649
 9888.525	 -41.4975
10011.625	 -41.6820
10136.257	 -41.8017
10262.440	 -41.8762
10390.195	 -41.9449
10519.540	 -42.0213
10650.495	 -42.0978
10783.080	 -42.1727
10917.316	 -42.2549
11053.223	 -42.3617
11190.821	 -42.4987
11330.133	 -42.6663
11471.179	 -42.8719
11613.980	 -43.1047
11758.561	 -43.3393
11904.939	 -43.5817
12053.141	 -43.8412
12203.188	 -44.1251
12355.102	 -44.4314
12508.907	 -44.7685
12664.627	 -45.1469
12822.286	 -45.5692
12981.907	 -46.0284
13143.516	 -46.4913
13307.136	 -46.9541
13472.793	 -47.4175
13640.512	 -47.9031
13810.319	 -48.4345
13982.240	 -48.9959
14156.302	 -49.5903
14332.529	 -50.2501
14510.951	 -51.0113
14691.595	 -51.8825
14874.486	 -52.8550
15059.655	 -53.9448
15247.129	 -55.2926
15436.937	 -56.8876
15629.106	 -58.6525
15823.669	 -60.4668
16020.654	 -62.4514
16220.091	 -64.2744
16422.010	 -65.7660
16626.443	 -67.0596
16833.422	 -67.9233
17042.977	 -68.6031
17255.141	 -69.2254
17469.945	 -69.8087
17687.424	 -70.1279
17907.609	 -70.3517
18130.537	 -70.3948
18356.240	 -70.1180
18584.752	 -69.7556
18816.107	 -69.4319
19050.346	 -69.1223
19287.498	 -68.8646
19527.604	 -68.6783
19770.697	 -68.5823
20016.816	 -68.5496
20266.002	 -68.5190
20518.287	 -68.5116
20773.715	 -68.4958
21032.320	 -68.4736
21294.146	 -68.4392
21559.232	 -68.4135
21827.617	 -68.3757
22099.344	 -68.3760
22374.453	 -68.4077
22652.986	 -68.5122
